Type                                           N      (%)          Record size      (%)             FPI size      (%)        Combined size      (%)
----                                           -      ---          -----------      ---             --------      ---        -------------      ---
Transaction/COMMIT                         18436 (  1.29)               848056 (  0.66)                    0 (  0.00)               848056 (  0.05)
CLOG/ZEROPAGE                                  1 (  0.00)                   30 (  0.00)                    0 (  0.00)                   30 (  0.00)
Standby/RUNNING_XACTS                          1 (  0.00)                   98 (  0.00)                    0 (  0.00)                   98 (  0.00)
Heap2/CLEAN                               229275 ( 16.00)             15631744 ( 12.24)                    0 (  0.00)             15631744 (  0.89)
Heap/INSERT                               114750 (  8.01)             13403063 ( 10.49)                12980 (  0.00)             13416043 (  0.77)
Heap/DELETE                                 8250 (  0.58)               449520 (  0.35)              5914224 (  0.36)              6363744 (  0.36)
Heap/UPDATE                                25191 (  1.76)              3129416 (  2.45)              7045116 (  0.43)             10174532 (  0.58)
Heap/HOT_UPDATE                           723080 ( 50.48)             70443704 ( 55.16)            762654864 ( 47.01)            833098568 ( 47.61)
Heap/LOCK                                  17224 (  1.20)               930096 (  0.73)                    0 (  0.00)               930096 (  0.05)
Heap/INSERT+INIT                            1688 (  0.12)               201217 (  0.16)                    0 (  0.00)               201217 (  0.01)
Heap/UPDATE+INIT                             284 (  0.02)                41215 (  0.03)                    0 (  0.00)                41215 (  0.00)
Btree/INSERT_LEAF                         292332 ( 20.41)             19545409 ( 15.30)            837415676 ( 51.62)            856961085 ( 48.97)
Btree/INSERT_UPPER                          1012 (  0.07)                69132 (  0.05)              3142132 (  0.19)              3211264 (  0.18)
Btree/SPLIT_L                                656 (  0.05)              2363065 (  1.85)              4757524 (  0.29)              7120589 (  0.41)
Btree/SPLIT_R                                356 (  0.02)               660406 (  0.52)              1342404 (  0.08)              2002810 (  0.11)
Btree/DELETE                                  14 (  0.00)                 1122 (  0.00)                    0 (  0.00)                 1122 (  0.00)
                                        --------                      --------                      --------                      --------
Total                                    1432550                     127717293 [7.30%]            1622284920 [92.70%]           1750002213 [100%]
