Type                                           N      (%)          Record size      (%)             FPI size      (%)        Combined size      (%)
----                                           -      ---          -----------      ---             --------      ---        -------------      ---
Transaction/COMMIT                         18416 (  1.32)               847136 (  0.64)                    0 (  0.00)               847136 (  0.16)
CLOG/ZEROPAGE                                  1 (  0.00)                   30 (  0.00)                    0 (  0.00)                   30 (  0.00)
Standby/RUNNING_XACTS                          2 (  0.00)                  140 (  0.00)                    0 (  0.00)                  140 (  0.00)
Heap2/CLEAN                               203650 ( 14.56)             14302104 ( 10.86)                    0 (  0.00)             14302104 (  2.78)
Heap/INSERT                               114704 (  8.20)             13397430 ( 10.18)                16344 (  0.00)             13413774 (  2.61)
Heap/DELETE                                 8010 (  0.57)               432900 (  0.33)               529632 (  0.14)               962532 (  0.19)
Heap/UPDATE                                26406 (  1.89)              3379928 (  2.57)              1287204 (  0.34)              4667132 (  0.91)
Heap/HOT_UPDATE                           709349 ( 50.73)             70484778 ( 53.54)            262544116 ( 68.72)            333028894 ( 64.83)
Heap/LOCK                                  19081 (  1.36)              1030374 (  0.78)                    0 (  0.00)              1030374 (  0.20)
Heap/INSERT+INIT                            1659 (  0.12)               197870 (  0.15)                    0 (  0.00)               197870 (  0.04)
Heap/UPDATE+INIT                             338 (  0.02)                51852 (  0.04)                    0 (  0.00)                51852 (  0.01)
Btree/INSERT_LEAF                         293392 ( 20.98)             22867576 ( 17.37)            113914560 ( 29.82)            136782136 ( 26.63)
Btree/INSERT_UPPER                          1489 (  0.11)               117346 (  0.09)               443048 (  0.12)               560394 (  0.11)
Btree/SPLIT_L                                551 (  0.04)              2050084 (  1.56)              1784944 (  0.47)              3835028 (  0.75)
Btree/SPLIT_R                                939 (  0.07)              2458704 (  1.87)              1519448 (  0.40)              3978152 (  0.77)
Btree/DELETE                                 323 (  0.02)                27204 (  0.02)                    0 (  0.00)                27204 (  0.01)
                                        --------                      --------                      --------                      --------
Total                                    1398310                     131645456 [25.63%]            382039296 [74.37%]            513684752 [100%]
