Type                                           N      (%)          Record size      (%)             FPI size      (%)        Combined size      (%)
----                                           -      ---          -----------      ---             --------      ---        -------------      ---
Transaction/COMMIT                         18389 (  1.29)               845894 (  0.66)                    0 (  0.00)               845894 (  0.05)
CLOG/ZEROPAGE                                  1 (  0.00)                   30 (  0.00)                    0 (  0.00)                   30 (  0.00)
Standby/RUNNING_XACTS                          2 (  0.00)                  455 (  0.00)                    0 (  0.00)                  455 (  0.00)
Heap2/CLEAN                               222451 ( 15.62)             15144380 ( 11.88)                    0 (  0.00)             15144380 (  0.81)
Heap/INSERT                               115557 (  8.11)             13499429 ( 10.59)                21064 (  0.00)             13520493 (  0.72)
Heap/DELETE                                 7890 (  0.55)               431300 (  0.34)              7709088 (  0.44)              8140388 (  0.44)
Heap/UPDATE                                24688 (  1.73)              3060742 (  2.40)              9187840 (  0.53)             12248582 (  0.65)
Heap/HOT_UPDATE                           721181 ( 50.62)             70260819 ( 55.13)            795464792 ( 45.65)            865725611 ( 46.29)
Heap/LOCK                                  17106 (  1.20)               923724 (  0.72)                    0 (  0.00)               923724 (  0.05)
Heap/INSERT+INIT                            1745 (  0.12)               206880 (  0.16)                    0 (  0.00)               206880 (  0.01)
Heap/UPDATE+INIT                             308 (  0.02)                44211 (  0.03)                    0 (  0.00)                44211 (  0.00)
Btree/INSERT_LEAF                         292893 ( 20.56)             19238910 ( 15.09)            918510844 ( 52.71)            937749754 ( 50.14)
Btree/INSERT_UPPER                          1181 (  0.08)                78941 (  0.06)              4136340 (  0.24)              4215281 (  0.23)
Btree/SPLIT_L                                838 (  0.06)              3026840 (  2.37)              6107344 (  0.35)              9134184 (  0.49)
Btree/SPLIT_R                                343 (  0.02)               689628 (  0.54)              1490672 (  0.09)              2180300 (  0.12)
Btree/DELETE                                  17 (  0.00)                 1308 (  0.00)                    0 (  0.00)                 1308 (  0.00)
                                        --------                      --------                      --------                      --------
Total                                    1424590                     127453491 [6.82%]            1742627984 [93.18%]           1870081475 [100%]
