Type                                           N      (%)          Record size      (%)             FPI size      (%)        Combined size      (%)
----                                           -      ---          -----------      ---             --------      ---        -------------      ---
Transaction/COMMIT                         18388 (  1.30)               845848 (  0.67)                    0 (  0.00)               845848 (  0.05)
CLOG/ZEROPAGE                                  1 (  0.00)                   30 (  0.00)                    0 (  0.00)                   30 (  0.00)
Standby/RUNNING_XACTS                          1 (  0.00)                  110 (  0.00)                    0 (  0.00)                  110 (  0.00)
Heap2/CLEAN                               223147 ( 15.79)             15328230 ( 12.13)                    0 (  0.00)             15328230 (  0.98)
Heap/INSERT                               115459 (  8.17)             13486402 ( 10.67)                20388 (  0.00)             13506790 (  0.86)
Heap/DELETE                                 7920 (  0.56)               430420 (  0.34)              4031088 (  0.28)              4461508 (  0.28)
Heap/UPDATE                                24358 (  1.72)              3026625 (  2.39)              5032068 (  0.35)              8058693 (  0.51)
Heap/HOT_UPDATE                           711761 ( 50.35)             69464402 ( 54.96)            714920628 ( 49.45)            784385030 ( 49.90)
Heap/LOCK                                  16705 (  1.18)               902070 (  0.71)                    0 (  0.00)               902070 (  0.06)
Heap/INSERT+INIT                            1728 (  0.12)               206078 (  0.16)                    0 (  0.00)               206078 (  0.01)
Heap/UPDATE+INIT                             267 (  0.02)                37921 (  0.03)                    0 (  0.00)                37921 (  0.00)
Btree/INSERT_LEAF                         291865 ( 20.65)             20035065 ( 15.85)            714799316 ( 49.44)            734834381 ( 46.74)
Btree/INSERT_UPPER                           934 (  0.07)                66648 (  0.05)              2107916 (  0.15)              2174564 (  0.14)
Btree/SPLIT_L                                469 (  0.03)              1655986 (  1.31)              3274844 (  0.23)              4930830 (  0.31)
Btree/SPLIT_R                                465 (  0.03)               897209 (  0.71)              1467668 (  0.10)              2364877 (  0.15)
Btree/DELETE                                  24 (  0.00)                 1874 (  0.00)                    0 (  0.00)                 1874 (  0.00)
                                        --------                      --------                      --------                      --------
Total                                    1413492                     126384918 [8.04%]            1445653916 [91.96%]           1572038834 [100%]
