Type                                           N      (%)          Record size      (%)             FPI size      (%)        Combined size      (%)
----                                           -      ---          -----------      ---             --------      ---        -------------      ---
Transaction/COMMIT                         18388 (  3.11)               845848 (  1.70)                    0 (  0.00)               845848 (  0.10)
CLOG/ZEROPAGE                                  1 (  0.00)                   30 (  0.00)                    0 (  0.00)                   30 (  0.00)
Standby/RUNNING_XACTS                          1 (  0.00)                   50 (  0.00)                    0 (  0.00)                   50 (  0.00)
Heap2/CLEAN                                71173 ( 12.03)              4422594 (  8.87)                    0 (  0.00)              4422594 (  0.52)
Heap/INSERT                               115520 ( 19.52)             13493654 ( 27.07)                20388 (  0.00)             13514042 (  1.59)
Heap/DELETE                                 7920 (  1.34)               430420 (  0.86)              4031088 (  0.50)              4461508 (  0.53)
Heap/UPDATE                                21995 (  3.72)              2727745 (  5.47)              5023072 (  0.63)              7750817 (  0.91)
Heap/HOT_UPDATE                           191840 ( 32.42)             13982367 ( 28.05)            698825648 ( 87.39)            712808015 ( 83.91)
Heap/LOCK                                  14287 (  2.41)               771498 (  1.55)                    0 (  0.00)               771498 (  0.09)
Heap/INSERT+INIT                            1667 (  0.28)               198826 (  0.40)                    0 (  0.00)               198826 (  0.02)
Heap/UPDATE+INIT                             212 (  0.04)                31753 (  0.06)                    0 (  0.00)                31753 (  0.00)
Btree/INSERT_LEAF                         146936 ( 24.83)             10492627 ( 21.05)             85005940 ( 10.63)             95498567 ( 11.24)
Btree/INSERT_UPPER                           889 (  0.15)                63228 (  0.13)              2095600 (  0.26)              2158828 (  0.25)
Btree/SPLIT_L                                462 (  0.08)              1629141 (  3.27)              3282320 (  0.41)              4911461 (  0.58)
Btree/SPLIT_R                                427 (  0.07)               751605 (  1.51)              1349808 (  0.17)              2101413 (  0.25)
Btree/DELETE                                   3 (  0.00)                  274 (  0.00)                    0 (  0.00)                  274 (  0.00)
                                        --------                      --------                      --------                      --------
Total                                     591721                      49841660 [5.87%]             799633864 [94.13%]            849475524 [100%]
