Type                                           N      (%)          Record size      (%)             FPI size      (%)        Combined size      (%)
----                                           -      ---          -----------      ---             --------      ---        -------------      ---
Transaction/COMMIT                         18389 (  3.19)               845894 (  1.71)                    0 (  0.00)               845894 (  0.09)
CLOG/ZEROPAGE                                  1 (  0.00)                   30 (  0.00)                    0 (  0.00)                   30 (  0.00)
Standby/RUNNING_XACTS                          1 (  0.00)                   50 (  0.00)                    0 (  0.00)                   50 (  0.00)
Heap2/CLEAN                                60199 ( 10.43)              3748118 (  7.56)                    0 (  0.00)              3748118 (  0.39)
Heap/INSERT                               115672 ( 20.04)             13511194 ( 27.27)                21064 (  0.00)             13532258 (  1.40)
Heap/DELETE                                 7890 (  1.37)               431300 (  0.87)              7709088 (  0.84)              8140388 (  0.84)
Heap/UPDATE                                20866 (  3.61)              2551348 (  5.15)              9169420 (  1.00)             11720768 (  1.22)
Heap/HOT_UPDATE                           191321 ( 33.14)             13769882 ( 27.79)            760129824 ( 83.08)            773899706 ( 80.24)
Heap/LOCK                                  13179 (  2.28)               711666 (  1.44)                    0 (  0.00)               711666 (  0.07)
Heap/INSERT+INIT                            1630 (  0.28)               195115 (  0.39)                    0 (  0.00)               195115 (  0.02)
Heap/UPDATE+INIT                             203 (  0.04)                30082 (  0.06)                    0 (  0.00)                30082 (  0.00)
Btree/INSERT_LEAF                         145671 ( 25.24)             10245526 ( 20.68)            126564100 ( 13.83)            136809626 ( 14.18)
Btree/INSERT_UPPER                          1108 (  0.19)                73485 (  0.15)              4105164 (  0.45)              4178649 (  0.43)
Btree/SPLIT_L                                823 (  0.14)              2963824 (  5.98)              6063072 (  0.66)              9026896 (  0.94)
Btree/SPLIT_R                                285 (  0.05)               475884 (  0.96)              1224416 (  0.13)              1700300 (  0.18)
                                        --------                      --------                      --------                      --------
Total                                     577238                      49553398 [5.14%]             914986148 [94.86%]            964539546 [100%]
