Type                                           N      (%)          Record size      (%)             FPI size      (%)        Combined size      (%)
----                                           -      ---          -----------      ---             --------      ---        -------------      ---
Transaction/COMMIT                         18389 (  1.28)               845894 (  0.66)                    0 (  0.00)               845894 (  0.05)
CLOG/ZEROPAGE                                  1 (  0.00)                   30 (  0.00)                    0 (  0.00)                   30 (  0.00)
Heap2/CLEAN                               233208 ( 16.28)             15767394 ( 12.34)                    0 (  0.00)             15767394 (  0.84)
Heap/INSERT                               115615 (  8.07)             13504595 ( 10.57)                21064 (  0.00)             13525659 (  0.72)
Heap/DELETE                                 7890 (  0.55)               431300 (  0.34)              7709088 (  0.44)              8140388 (  0.44)
Heap/UPDATE                                23854 (  1.67)              2946891 (  2.31)              9183676 (  0.53)             12130567 (  0.65)
Heap/HOT_UPDATE                           722044 ( 50.40)             70340158 ( 55.05)            795464792 ( 45.69)            865804950 ( 46.33)
Heap/LOCK                                  16243 (  1.13)               877122 (  0.69)                    0 (  0.00)               877122 (  0.05)
Heap/INSERT+INIT                            1687 (  0.12)               201714 (  0.16)                    0 (  0.00)               201714 (  0.01)
Heap/UPDATE+INIT                             279 (  0.02)                40137 (  0.03)                    0 (  0.00)                40137 (  0.00)
Btree/INSERT_LEAF                         291085 ( 20.32)             19111592 ( 14.96)            916805096 ( 52.66)            935916688 ( 50.09)
Btree/INSERT_UPPER                          1163 (  0.08)                77565 (  0.06)              4136300 (  0.24)              4213865 (  0.23)
Btree/SPLIT_L                                838 (  0.06)              3017151 (  2.36)              6129464 (  0.35)              9146615 (  0.49)
Btree/SPLIT_R                                325 (  0.02)               611418 (  0.48)              1387420 (  0.08)              1998838 (  0.11)
Btree/DELETE                                   5 (  0.00)                  350 (  0.00)                    0 (  0.00)                  350 (  0.00)
                                        --------                      --------                      --------                      --------
Total                                    1432626                     127773311 [6.84%]            1740836900 [93.16%]           1868610211 [100%]
