Type                                           N      (%)          Record size      (%)             FPI size      (%)        Combined size      (%)
----                                           -      ---          -----------      ---             --------      ---        -------------      ---
Transaction/COMMIT                         18389 (  3.16)               625226 (  1.25)                    0 (  0.00)               625226 (  0.06)
Transaction/ABORT                           2045 (  0.35)                69530 (  0.14)                    0 (  0.00)                69530 (  0.01)
Heap2/CLEAN                                55339 (  9.52)              3478386 (  6.97)                    0 (  0.00)              3478386 (  0.36)
Heap/INSERT                               116826 ( 20.09)             13644492 ( 27.35)                21064 (  0.00)             13665556 (  1.42)
Heap/DELETE                                 7890 (  1.36)               431300 (  0.86)              7709088 (  0.84)              8140388 (  0.84)
Heap/UPDATE                                22138 (  3.81)              2752714 (  5.52)              9173924 (  1.00)             11926638 (  1.24)
Heap/HOT_UPDATE                           192455 ( 33.10)             13897233 ( 27.86)            760127128 ( 83.06)            774024361 ( 80.20)
Heap/LOCK                                  14507 (  2.49)               783378 (  1.57)                    0 (  0.00)               783378 (  0.08)
Heap/INSERT+INIT                            1675 (  0.29)               200154 (  0.40)                    0 (  0.00)               200154 (  0.02)
Heap/UPDATE+INIT                             261 (  0.04)                39541 (  0.08)                    0 (  0.00)                39541 (  0.00)
Btree/INSERT_LEAF                         147647 ( 25.39)             10382355 ( 20.81)            126630980 ( 13.84)            137013335 ( 14.20)
Btree/INSERT_UPPER                          1127 (  0.19)                74965 (  0.15)              4105140 (  0.45)              4180105 (  0.43)
Btree/SPLIT_L                                828 (  0.14)              2982231 (  5.98)              6099952 (  0.67)              9082183 (  0.94)
Btree/SPLIT_R                                299 (  0.05)               523391 (  1.05)              1305552 (  0.14)              1828943 (  0.19)
Btree/DELETE                                  55 (  0.01)                 4932 (  0.01)                    0 (  0.00)                 4932 (  0.00)
                                        --------                      --------                      --------                      --------
Total                                     581481                      49889828 [5.17%]             915172828 [94.83%]            965062656 [100%]
