Type                                           N      (%)          Record size      (%)             FPI size      (%)        Combined size      (%)
----                                           -      ---          -----------      ---             --------      ---        -------------      ---
Transaction/COMMIT                         18389 (  1.29)               845894 (  0.66)                    0 (  0.00)               845894 (  0.05)
CLOG/ZEROPAGE                                  1 (  0.00)                   30 (  0.00)                    0 (  0.00)                   30 (  0.00)
Standby/RUNNING_XACTS                          1 (  0.00)                   50 (  0.00)                    0 (  0.00)                   50 (  0.00)
Heap2/CLEAN                               224018 ( 15.72)             15235806 ( 11.95)                    0 (  0.00)             15235806 (  0.81)
Heap/INSERT                               115570 (  8.11)             13499793 ( 10.59)                21064 (  0.00)             13520857 (  0.72)
Heap/DELETE                                 7890 (  0.55)               431300 (  0.34)              7709088 (  0.44)              8140388 (  0.44)
Heap/UPDATE                                24477 (  1.72)              3033661 (  2.38)              9187880 (  0.53)             12221541 (  0.65)
Heap/HOT_UPDATE                           721428 ( 50.61)             70283927 ( 55.15)            795464792 ( 45.66)            865748719 ( 46.31)
Heap/LOCK                                  16859 (  1.18)               910386 (  0.71)                    0 (  0.00)               910386 (  0.05)
Heap/INSERT+INIT                            1732 (  0.12)               206516 (  0.16)                    0 (  0.00)               206516 (  0.01)
Heap/UPDATE+INIT                             272 (  0.02)                38730 (  0.03)                    0 (  0.00)                38730 (  0.00)
Btree/INSERT_LEAF                         292393 ( 20.51)             19203826 ( 15.07)            918065732 ( 52.70)            937269558 ( 50.13)
Btree/INSERT_UPPER                          1176 (  0.08)                78573 (  0.06)              4136284 (  0.24)              4214857 (  0.23)
Btree/SPLIT_L                                845 (  0.06)              3042843 (  2.39)              6144280 (  0.35)              9187123 (  0.49)
Btree/SPLIT_R                                331 (  0.02)               636277 (  0.50)              1409488 (  0.08)              2045765 (  0.11)
Btree/DELETE                                  13 (  0.00)                 1034 (  0.00)                    0 (  0.00)                 1034 (  0.00)
                                        --------                      --------                      --------                      --------
Total                                    1425395                     127448646 [6.82%]            1742138608 [93.18%]           1869587254 [100%]
