Type                                           N      (%)          Record size      (%)             FPI size      (%)        Combined size      (%)
----                                           -      ---          -----------      ---             --------      ---        -------------      ---
Transaction/COMMIT                         18389 (  3.21)               845894 (  1.71)                    0 (  0.00)               845894 (  0.09)
CLOG/ZEROPAGE                                  1 (  0.00)                   30 (  0.00)                    0 (  0.00)                   30 (  0.00)
Heap2/CLEAN                                54619 (  9.53)              3431124 (  6.94)                    0 (  0.00)              3431124 (  0.36)
Heap/INSERT                               115607 ( 20.17)             13503648 ( 27.31)                21064 (  0.00)             13524712 (  1.40)
Heap/DELETE                                 7890 (  1.38)               431300 (  0.87)              7709088 (  0.84)              8140388 (  0.84)
Heap/UPDATE                                21649 (  3.78)              2668395 (  5.40)              9173876 (  1.00)             11842271 (  1.23)
Heap/HOT_UPDATE                           190530 ( 33.24)             13705854 ( 27.72)            760127952 ( 83.06)            773833806 ( 80.23)
Heap/LOCK                                  13970 (  2.44)               754380 (  1.53)                    0 (  0.00)               754380 (  0.08)
Heap/INSERT+INIT                            1695 (  0.30)               202661 (  0.41)                    0 (  0.00)               202661 (  0.02)
Heap/UPDATE+INIT                             211 (  0.04)                31765 (  0.06)                    0 (  0.00)                31765 (  0.00)
Btree/INSERT_LEAF                         146445 ( 25.55)             10300473 ( 20.83)            126556748 ( 13.83)            136857221 ( 14.19)
Btree/INSERT_UPPER                          1126 (  0.20)                74893 (  0.15)              4105180 (  0.45)              4180073 (  0.43)
Btree/SPLIT_L                                827 (  0.14)              2977068 (  6.02)              6092576 (  0.67)              9069644 (  0.94)
Btree/SPLIT_R                                299 (  0.05)               520457 (  1.05)              1320304 (  0.14)              1840761 (  0.19)
                                        --------                      --------                      --------                      --------
Total                                     573258                      49447942 [5.13%]             915106788 [94.87%]            964554730 [100%]
