Type                                           N      (%)          Record size      (%)             FPI size      (%)        Combined size      (%)
----                                           -      ---          -----------      ---             --------      ---        -------------      ---
Transaction/COMMIT                         18436 (  3.09)               626824 (  1.24)                    0 (  0.00)               626824 (  0.07)
Transaction/ABORT                           3038 (  0.51)               103292 (  0.21)                    0 (  0.00)               103292 (  0.01)
Standby/RUNNING_XACTS                          1 (  0.00)                  134 (  0.00)                    0 (  0.00)                  134 (  0.00)
Heap2/CLEAN                                61748 ( 10.36)              3868900 (  7.68)                    0 (  0.00)              3868900 (  0.42)
Heap/INSERT                               116722 ( 19.59)             13631487 ( 27.06)                12980 (  0.00)             13644467 (  1.49)
Heap/DELETE                                 8250 (  1.38)               449520 (  0.89)              5914224 (  0.68)              6363744 (  0.69)
Heap/UPDATE                                23037 (  3.87)              2876458 (  5.71)              7040620 (  0.81)              9917078 (  1.08)
Heap/HOT_UPDATE                           196999 ( 33.07)             14352581 ( 28.49)            736345852 ( 84.91)            750698433 ( 81.81)
Heap/LOCK                                  15039 (  2.52)               812106 (  1.61)                    0 (  0.00)               812106 (  0.09)
Heap/INSERT+INIT                            1699 (  0.29)               202256 (  0.40)                    0 (  0.00)               202256 (  0.02)
Heap/UPDATE+INIT                             254 (  0.04)                38743 (  0.08)                    0 (  0.00)                38743 (  0.00)
Btree/INSERT_LEAF                         148561 ( 24.94)             10514330 ( 20.87)            108980988 ( 12.57)            119495318 ( 13.02)
Btree/INSERT_UPPER                           955 (  0.16)                64822 (  0.13)              3120560 (  0.36)              3185382 (  0.35)
Btree/SPLIT_L                                632 (  0.11)              2289241 (  4.54)              4639504 (  0.53)              6928745 (  0.76)
Btree/SPLIT_R                                323 (  0.05)               535436 (  1.06)              1194912 (  0.14)              1730348 (  0.19)
Btree/DELETE                                  86 (  0.01)                 7384 (  0.01)                    0 (  0.00)                 7384 (  0.00)
                                        --------                      --------                      --------                      --------
Total                                     595780                      50373514 [5.49%]             867249640 [94.51%]            917623154 [100%]
