Type                                           N      (%)          Record size      (%)             FPI size      (%)        Combined size      (%)
----                                           -      ---          -----------      ---             --------      ---        -------------      ---
Transaction/COMMIT                         18386 (  3.05)               845756 (  1.70)                    0 (  0.00)               845756 (  0.11)
CLOG/ZEROPAGE                                  1 (  0.00)                   30 (  0.00)                    0 (  0.00)                   30 (  0.00)
Standby/RUNNING_XACTS                          1 (  0.00)                   50 (  0.00)                    0 (  0.00)                   50 (  0.00)
Heap2/CLEAN                               102960 ( 17.10)              6241846 ( 12.55)                    0 (  0.00)              6241846 (  0.83)
Heap/INSERT                               115448 ( 19.17)             13489148 ( 27.12)                 8232 (  0.00)             13497380 (  1.79)
Heap/DELETE                                 7860 (  1.31)               426210 (  0.86)              2604024 (  0.37)              3030234 (  0.40)
Heap/UPDATE                                11701 (  1.94)              1213726 (  2.44)              3420020 (  0.49)              4633746 (  0.62)
Heap/HOT_UPDATE                           202037 ( 33.55)             15004513 ( 30.16)            633395700 ( 90.06)            648400213 ( 86.11)
Heap/LOCK                                   3910 (  0.65)               211140 (  0.42)                    0 (  0.00)               211140 (  0.03)
Heap/INSERT+INIT                            1684 (  0.28)               200041 (  0.40)                    0 (  0.00)               200041 (  0.03)
Heap/UPDATE+INIT                              71 (  0.01)                10720 (  0.02)                    0 (  0.00)                10720 (  0.00)
Btree/INSERT_LEAF                         136333 ( 22.64)              9836347 ( 19.77)             58454676 (  8.31)             68291023 (  9.07)
Btree/INSERT_UPPER                           860 (  0.14)                63394 (  0.13)              1385552 (  0.20)              1448946 (  0.19)
Btree/SPLIT_L                                391 (  0.06)              1366851 (  2.75)              2692240 (  0.38)              4059091 (  0.54)
Btree/SPLIT_R                                469 (  0.08)               821896 (  1.65)              1312928 (  0.19)              2134824 (  0.28)
Btree/DELETE                                 155 (  0.03)                14976 (  0.03)                    0 (  0.00)                14976 (  0.00)
                                        --------                      --------                      --------                      --------
Total                                     602267                      49746644 [6.61%]             703273372 [93.39%]            753020016 [100%]
