Type                                           N      (%)          Record size      (%)             FPI size      (%)        Combined size      (%)
----                                           -      ---          -----------      ---             --------      ---        -------------      ---
Transaction/COMMIT                          1856 (  1.40)                85376 (  0.71)                    0 (  0.00)                85376 (  0.05)
Heap2/CLEAN                                16732 ( 12.61)              1179180 (  9.82)                    0 (  0.00)              1179180 (  0.75)
Heap/INSERT                                11835 (  8.92)              1383888 ( 11.52)                16344 (  0.01)              1400232 (  0.90)
Heap/DELETE                                  590 (  0.44)                32130 (  0.27)               397224 (  0.28)               429354 (  0.27)
Heap/UPDATE                                 2538 (  1.91)               319310 (  2.66)               508180 (  0.35)               827490 (  0.53)
Heap/HOT_UPDATE                            66547 ( 50.15)              6507999 ( 54.18)             71282540 ( 49.43)             77790539 ( 49.79)
Heap/LOCK                                   2008 (  1.51)               108432 (  0.90)                    0 (  0.00)               108432 (  0.07)
Heap/INSERT+INIT                             230 (  0.17)                25777 (  0.21)                    0 (  0.00)                25777 (  0.02)
Heap/UPDATE+INIT                              60 (  0.05)                 7994 (  0.07)                    0 (  0.00)                 7994 (  0.01)
Btree/INSERT_LEAF                          30085 ( 22.67)              2065708 ( 17.20)             71301848 ( 49.44)             73367556 ( 46.96)
Btree/INSERT_UPPER                           100 (  0.08)                 7128 (  0.06)               217432 (  0.15)               224560 (  0.14)
Btree/SPLIT_L                                 53 (  0.04)               191336 (  1.59)               368776 (  0.26)               560112 (  0.36)
Btree/SPLIT_R                                 47 (  0.04)                97471 (  0.81)               125376 (  0.09)               222847 (  0.14)
Btree/DELETE                                  12 (  0.01)                  946 (  0.01)                    0 (  0.00)                  946 (  0.00)
                                        --------                      --------                      --------                      --------
Total                                     132693                      12012675 [7.69%]             144217720 [92.31%]            156230395 [100%]
