Type                                           N      (%)          Record size      (%)             FPI size      (%)        Combined size      (%)
----                                           -      ---          -----------      ---             --------      ---        -------------      ---
Transaction/COMMIT                         18389 (  3.18)               625226 (  1.27)                    0 (  0.00)               625226 (  0.06)
Transaction/ABORT                            272 (  0.05)                 9248 (  0.02)                    0 (  0.00)                 9248 (  0.00)
Heap2/CLEAN                                60733 ( 10.51)              3777844 (  7.65)                    0 (  0.00)              3777844 (  0.39)
Heap/INSERT                               115683 ( 20.01)             13512271 ( 27.38)                21064 (  0.00)             13533335 (  1.40)
Heap/DELETE                                 7890 (  1.37)               431300 (  0.87)              7709088 (  0.84)              8140388 (  0.84)
Heap/UPDATE                                20831 (  3.60)              2547156 (  5.16)              9172148 (  1.00)             11719304 (  1.22)
Heap/HOT_UPDATE                           191379 ( 33.11)             13774474 ( 27.91)            760129472 ( 83.07)            773903946 ( 80.25)
Heap/LOCK                                  13141 (  2.27)               709614 (  1.44)                    0 (  0.00)               709614 (  0.07)
Heap/INSERT+INIT                            1625 (  0.28)               194692 (  0.39)                    0 (  0.00)               194692 (  0.02)
Heap/UPDATE+INIT                             200 (  0.03)                29614 (  0.06)                    0 (  0.00)                29614 (  0.00)
Btree/INSERT_LEAF                         145641 ( 25.20)             10243260 ( 20.75)            126608596 ( 13.84)            136851856 ( 14.19)
Btree/INSERT_UPPER                          1110 (  0.19)                73621 (  0.15)              4105156 (  0.45)              4178777 (  0.43)
Btree/SPLIT_L                                826 (  0.14)              2964017 (  6.01)              6085200 (  0.67)              9049217 (  0.94)
Btree/SPLIT_R                                284 (  0.05)               460831 (  0.93)              1202288 (  0.13)              1663119 (  0.17)
Btree/DELETE                                   1 (  0.00)                   62 (  0.00)                    0 (  0.00)                   62 (  0.00)
                                        --------                      --------                      --------                      --------
Total                                     578005                      49353230 [5.12%]             915033012 [94.88%]            964386242 [100%]
