Type                                           N      (%)          Record size      (%)             FPI size      (%)        Combined size      (%)
----                                           -      ---          -----------      ---             --------      ---        -------------      ---
Transaction/COMMIT                         18389 (  3.22)               845894 (  1.71)                    0 (  0.00)               845894 (  0.09)
CLOG/ZEROPAGE                                  1 (  0.00)                   30 (  0.00)                    0 (  0.00)                   30 (  0.00)
Standby/RUNNING_XACTS                          2 (  0.00)                  335 (  0.00)                    0 (  0.00)                  335 (  0.00)
Heap2/CLEAN                                52364 (  9.16)              3303222 (  6.68)                    0 (  0.00)              3303222 (  0.34)
Heap/INSERT                               115571 ( 20.21)             13501029 ( 27.31)                21064 (  0.00)             13522093 (  1.40)
Heap/DELETE                                 7890 (  1.38)               431300 (  0.87)              7709088 (  0.84)              8140388 (  0.84)
Heap/UPDATE                                22106 (  3.86)              2737088 (  5.54)              9173876 (  1.00)             11910964 (  1.23)
Heap/HOT_UPDATE                           190054 ( 33.23)             13667412 ( 27.64)            760127952 ( 83.06)            773795364 ( 80.22)
Heap/LOCK                                  14446 (  2.53)               780084 (  1.58)                    0 (  0.00)               780084 (  0.08)
Heap/INSERT+INIT                            1731 (  0.30)               205280 (  0.42)                    0 (  0.00)               205280 (  0.02)
Heap/UPDATE+INIT                             230 (  0.04)                34585 (  0.07)                    0 (  0.00)                34585 (  0.00)
Btree/INSERT_LEAF                         146909 ( 25.68)             10333463 ( 20.90)            126541940 ( 13.83)            136875403 ( 14.19)
Btree/INSERT_UPPER                          1138 (  0.20)                75829 (  0.15)              4105164 (  0.45)              4180993 (  0.43)
Btree/SPLIT_L                                834 (  0.15)              2992289 (  6.05)              6144208 (  0.67)              9136497 (  0.95)
Btree/SPLIT_R                                304 (  0.05)               532878 (  1.08)              1342432 (  0.15)              1875310 (  0.19)
Btree/DELETE                                   2 (  0.00)                  260 (  0.00)                    0 (  0.00)                  260 (  0.00)
                                        --------                      --------                      --------                      --------
Total                                     571971                      49440978 [5.13%]             915165724 [94.87%]            964606702 [100%]
