Type                                           N      (%)          Record size      (%)             FPI size      (%)        Combined size      (%)
----                                           -      ---          -----------      ---             --------      ---        -------------      ---
Transaction/COMMIT                         18389 (  3.21)               845894 (  1.71)                    0 (  0.00)               845894 (  0.09)
CLOG/ZEROPAGE                                  1 (  0.00)                   30 (  0.00)                    0 (  0.00)                   30 (  0.00)
Standby/RUNNING_XACTS                          1 (  0.00)                  154 (  0.00)                    0 (  0.00)                  154 (  0.00)
Heap2/CLEAN                                53781 (  9.40)              3387306 (  6.86)                    0 (  0.00)              3387306 (  0.35)
Heap/INSERT                               115622 ( 20.20)             13505565 ( 27.34)                21064 (  0.00)             13526629 (  1.40)
Heap/DELETE                                 7890 (  1.38)               431300 (  0.87)              7709088 (  0.84)              8140388 (  0.84)
Heap/UPDATE                                21629 (  3.78)              2665882 (  5.40)              9173876 (  1.00)             11839758 (  1.23)
Heap/HOT_UPDATE                           190558 ( 33.29)             13708276 ( 27.75)            760127952 ( 83.07)            773836228 ( 80.24)
Heap/LOCK                                  13942 (  2.44)               752868 (  1.52)                    0 (  0.00)               752868 (  0.08)
Heap/INSERT+INIT                            1680 (  0.29)               200744 (  0.41)                    0 (  0.00)               200744 (  0.02)
Heap/UPDATE+INIT                             203 (  0.04)                30338 (  0.06)                    0 (  0.00)                30338 (  0.00)
Btree/INSERT_LEAF                         146422 ( 25.58)             10298740 ( 20.85)            126549344 ( 13.83)            136848084 ( 14.19)
Btree/INSERT_UPPER                          1121 (  0.20)                74469 (  0.15)              4105156 (  0.45)              4179625 (  0.43)
Btree/SPLIT_L                                827 (  0.14)              2984455 (  6.04)              6085200 (  0.66)              9069655 (  0.94)
Btree/SPLIT_R                                294 (  0.05)               505300 (  1.02)              1298176 (  0.14)              1803476 (  0.19)
                                        --------                      --------                      --------                      --------
Total                                     572360                      49391321 [5.12%]             915069856 [94.88%]            964461177 [100%]
