Type                                           N      (%)          Record size      (%)             FPI size      (%)        Combined size      (%)
----                                           -      ---          -----------      ---             --------      ---        -------------      ---
Transaction/COMMIT                         18436 (  3.16)               848056 (  1.71)                    0 (  0.00)               848056 (  0.09)
CLOG/ZEROPAGE                                  1 (  0.00)                   30 (  0.00)                    0 (  0.00)                   30 (  0.00)
Heap2/CLEAN                                59035 ( 10.13)              3716948 (  7.48)                    0 (  0.00)              3716948 (  0.41)
Heap/INSERT                               114755 ( 19.70)             13403756 ( 26.97)                12980 (  0.00)             13416736 (  1.46)
Heap/DELETE                                 8250 (  1.42)               449520 (  0.90)              5914224 (  0.68)              6363744 (  0.69)
Heap/UPDATE                                22936 (  3.94)              2844663 (  5.72)              7034948 (  0.81)              9879611 (  1.08)
Heap/HOT_UPDATE                           193256 ( 33.17)             13995928 ( 28.16)            736345636 ( 84.90)            750341564 ( 81.82)
Heap/LOCK                                  14894 (  2.56)               804276 (  1.62)                    0 (  0.00)               804276 (  0.09)
Heap/INSERT+INIT                            1683 (  0.29)               200524 (  0.40)                    0 (  0.00)               200524 (  0.02)
Heap/UPDATE+INIT                             208 (  0.04)                31544 (  0.06)                    0 (  0.00)                31544 (  0.00)
Btree/INSERT_LEAF                         147230 ( 25.27)             10425587 ( 20.98)            108906316 ( 12.56)            119331903 ( 13.01)
Btree/INSERT_UPPER                           981 (  0.17)                66862 (  0.13)              3120528 (  0.36)              3187390 (  0.35)
Btree/SPLIT_L                                651 (  0.11)              2339314 (  4.71)              4779648 (  0.55)              7118962 (  0.78)
Btree/SPLIT_R                                330 (  0.06)               566308 (  1.14)              1239168 (  0.14)              1805476 (  0.20)
Btree/DELETE                                   1 (  0.00)                  132 (  0.00)                    0 (  0.00)                  132 (  0.00)
                                        --------                      --------                      --------                      --------
Total                                     582647                      49693448 [5.42%]             867353448 [94.58%]            917046896 [100%]
