Type                                           N      (%)          Record size      (%)             FPI size      (%)        Combined size      (%)
----                                           -      ---          -----------      ---             --------      ---        -------------      ---
Transaction/COMMIT                         18389 (  3.21)               845894 (  1.71)                    0 (  0.00)               845894 (  0.09)
CLOG/ZEROPAGE                                  1 (  0.00)                   30 (  0.00)                    0 (  0.00)                   30 (  0.00)
Heap2/CLEAN                                53167 (  9.28)              3349944 (  6.77)                    0 (  0.00)              3349944 (  0.35)
Heap/INSERT                               115592 ( 20.19)             13502516 ( 27.30)                21064 (  0.00)             13523580 (  1.40)
Heap/DELETE                                 7890 (  1.38)               431300 (  0.87)              7709088 (  0.84)              8140388 (  0.84)
Heap/UPDATE                                22058 (  3.85)              2729921 (  5.52)              9173876 (  1.00)             11903797 (  1.23)
Heap/HOT_UPDATE                           190117 ( 33.20)             13672460 ( 27.64)            760127952 ( 83.06)            773800412 ( 80.22)
Heap/LOCK                                  14383 (  2.51)               776682 (  1.57)                    0 (  0.00)               776682 (  0.08)
Heap/INSERT+INIT                            1710 (  0.30)               203793 (  0.41)                    0 (  0.00)               203793 (  0.02)
Heap/UPDATE+INIT                             215 (  0.04)                32175 (  0.07)                    0 (  0.00)                32175 (  0.00)
Btree/INSERT_LEAF                         146853 ( 25.64)             10329516 ( 20.88)            126549344 ( 13.83)            136878860 ( 14.19)
Btree/INSERT_UPPER                          1131 (  0.20)                75309 (  0.15)              4105164 (  0.45)              4180473 (  0.43)
Btree/SPLIT_L                                827 (  0.14)              2973564 (  6.01)              6092576 (  0.67)              9066140 (  0.94)
Btree/SPLIT_R                                304 (  0.05)               538928 (  1.09)              1357184 (  0.15)              1896112 (  0.20)
Btree/DELETE                                   1 (  0.00)                  118 (  0.00)                    0 (  0.00)                  118 (  0.00)
                                        --------                      --------                      --------                      --------
Total                                     572638                      49462150 [5.13%]             915136248 [94.87%]            964598398 [100%]
