Type                                           N      (%)          Record size      (%)             FPI size      (%)        Combined size      (%)
----                                           -      ---          -----------      ---             --------      ---        -------------      ---
Transaction/COMMIT                         18389 (  1.28)               845894 (  0.66)                    0 (  0.00)               845894 (  0.05)
CLOG/ZEROPAGE                                  1 (  0.00)                   30 (  0.00)                    0 (  0.00)                   30 (  0.00)
Standby/RUNNING_XACTS                          1 (  0.00)                   74 (  0.00)                    0 (  0.00)                   74 (  0.00)
Heap2/CLEAN                               241685 ( 16.80)             16257986 ( 12.70)                    0 (  0.00)             16257986 (  0.87)
Heap/INSERT                               115630 (  8.04)             13506050 ( 10.55)                21064 (  0.00)             13527114 (  0.72)
Heap/DELETE                                 7890 (  0.55)               431300 (  0.34)              7709088 (  0.44)              8140388 (  0.44)
Heap/UPDATE                                23215 (  1.61)              2862261 (  2.24)              9181084 (  0.53)             12043345 (  0.64)
Heap/HOT_UPDATE                           722714 ( 50.22)             70405321 ( 54.99)            795464792 ( 45.72)            865870113 ( 46.35)
Heap/LOCK                                  15573 (  1.08)               840942 (  0.66)                    0 (  0.00)               840942 (  0.05)
Heap/INSERT+INIT                            1672 (  0.12)               200259 (  0.16)                    0 (  0.00)               200259 (  0.01)
Heap/UPDATE+INIT                             248 (  0.02)                35578 (  0.03)                    0 (  0.00)                35578 (  0.00)
Btree/INSERT_LEAF                         289684 ( 20.13)             19012485 ( 14.85)            915982060 ( 52.65)            934994545 ( 50.06)
Btree/INSERT_UPPER                          1139 (  0.08)                75763 (  0.06)              4132768 (  0.24)              4208531 (  0.23)
Btree/SPLIT_L                                834 (  0.06)              3003912 (  2.35)              6107328 (  0.35)              9111240 (  0.49)
Btree/SPLIT_R                                305 (  0.02)               544547 (  0.43)              1305548 (  0.08)              1850095 (  0.10)
Btree/DELETE                                   5 (  0.00)                  348 (  0.00)                    0 (  0.00)                  348 (  0.00)
                                        --------                      --------                      --------                      --------
Total                                    1438985                     128022750 [6.85%]            1739903732 [93.15%]           1867926482 [100%]
