Type                                           N      (%)          Record size      (%)             FPI size      (%)        Combined size      (%)
----                                           -      ---          -----------      ---             --------      ---        -------------      ---
Transaction/COMMIT                         18388 (  3.01)               625192 (  1.22)                    0 (  0.00)               625192 (  0.07)
Transaction/ABORT                           5052 (  0.83)               171768 (  0.34)                    0 (  0.00)               171768 (  0.02)
Standby/RUNNING_XACTS                          1 (  0.00)                   90 (  0.00)                    0 (  0.00)                   90 (  0.00)
Heap2/CLEAN                                71899 ( 11.77)              4460660 (  8.73)                    0 (  0.00)              4460660 (  0.52)
Heap/INSERT                               118350 ( 19.38)             13820161 ( 27.05)                20388 (  0.00)             13840549 (  1.63)
Heap/DELETE                                 7920 (  1.30)               430420 (  0.84)              4031088 (  0.50)              4461508 (  0.52)
Heap/UPDATE                                23289 (  3.81)              2948729 (  5.77)              5023072 (  0.63)              7971801 (  0.94)
Heap/HOT_UPDATE                           196693 ( 32.21)             14475368 ( 28.33)            698826608 ( 87.40)            713301976 ( 83.85)
Heap/LOCK                                  15632 (  2.56)               844128 (  1.65)                    0 (  0.00)               844128 (  0.10)
Heap/INSERT+INIT                            1696 (  0.28)               202235 (  0.40)                    0 (  0.00)               202235 (  0.02)
Heap/UPDATE+INIT                             260 (  0.04)                39404 (  0.08)                    0 (  0.00)                39404 (  0.00)
Btree/INSERT_LEAF                         149666 ( 24.51)             10676080 ( 20.90)             85072716 ( 10.64)             95748796 ( 11.26)
Btree/INSERT_UPPER                           869 (  0.14)                61553 (  0.12)              2095764 (  0.26)              2157317 (  0.25)
Btree/SPLIT_L                                454 (  0.07)              1602224 (  3.14)              3215936 (  0.40)              4818160 (  0.57)
Btree/SPLIT_R                                415 (  0.07)               719413 (  1.41)              1290800 (  0.16)              2010213 (  0.24)
Btree/DELETE                                 132 (  0.02)                11632 (  0.02)                    0 (  0.00)                11632 (  0.00)
                                        --------                      --------                      --------                      --------
Total                                     610716                      51089057 [6.01%]             799576372 [93.99%]            850665429 [100%]
