Type                                           N      (%)          Record size      (%)             FPI size      (%)        Combined size      (%)
----                                           -      ---          -----------      ---             --------      ---        -------------      ---
Transaction/COMMIT                         18389 (  3.07)               625226 (  1.22)                    0 (  0.00)               625226 (  0.06)
Transaction/ABORT                           4943 (  0.83)               168062 (  0.33)                    0 (  0.00)               168062 (  0.02)
Heap2/CLEAN                                56117 (  9.37)              3519714 (  6.86)                    0 (  0.00)              3519714 (  0.36)
Heap/INSERT                               119735 ( 19.99)             13982203 ( 27.24)                21064 (  0.00)             14003267 (  1.45)
Heap/DELETE                                 7890 (  1.32)               431300 (  0.84)              7709088 (  0.84)              8140388 (  0.84)
Heap/UPDATE                                23706 (  3.96)              3013720 (  5.87)              9174012 (  1.00)             12187732 (  1.26)
Heap/HOT_UPDATE                           196758 ( 32.85)             14315595 ( 27.89)            760127136 ( 83.04)            774442731 ( 80.11)
Heap/LOCK                                  16098 (  2.69)               869292 (  1.69)                    0 (  0.00)               869292 (  0.09)
Heap/INSERT+INIT                            1758 (  0.29)               208960 (  0.41)                    0 (  0.00)               208960 (  0.02)
Heap/UPDATE+INIT                             282 (  0.05)                49246 (  0.10)                    0 (  0.00)                49246 (  0.01)
Btree/INSERT_LEAF                         150882 ( 25.19)             10602235 ( 20.66)            126868296 ( 13.86)            137470531 ( 14.22)
Btree/INSERT_UPPER                          1121 (  0.19)                74423 (  0.15)              4111120 (  0.45)              4185543 (  0.43)
Btree/SPLIT_L                                832 (  0.14)              2975958 (  5.80)              6122080 (  0.67)              9098038 (  0.94)
Btree/SPLIT_R                                289 (  0.05)               470465 (  0.92)              1231792 (  0.13)              1702257 (  0.18)
Btree/DELETE                                 190 (  0.03)                17035 (  0.03)                    0 (  0.00)                17035 (  0.00)
                                        --------                      --------                      --------                      --------
Total                                     598990                      51323434 [5.31%]             915364588 [94.69%]            966688022 [100%]
