Type                                           N      (%)          Record size      (%)             FPI size      (%)        Combined size      (%)
----                                           -      ---          -----------      ---             --------      ---        -------------      ---
Transaction/COMMIT                         18386 (  1.33)               845756 (  0.68)                    0 (  0.00)               845756 (  0.06)
CLOG/ZEROPAGE                                  1 (  0.00)                   30 (  0.00)                    0 (  0.00)                   30 (  0.00)
Standby/RUNNING_XACTS                          1 (  0.00)                   66 (  0.00)                    0 (  0.00)                   66 (  0.00)
Heap2/CLEAN                               233608 ( 16.89)             15975272 ( 12.88)                    0 (  0.00)             15975272 (  1.23)
Heap/INSERT                               115470 (  8.35)             13491369 ( 10.88)                 8232 (  0.00)             13499601 (  1.04)
Heap/DELETE                                 7860 (  0.57)               426210 (  0.34)              2604024 (  0.22)              3030234 (  0.23)
Heap/UPDATE                                13801 (  1.00)              1476621 (  1.19)              3426992 (  0.29)              4903613 (  0.38)
Heap/HOT_UPDATE                           714238 ( 51.63)             69680626 ( 56.19)            642259444 ( 54.45)            711940070 ( 54.62)
Heap/LOCK                                   6105 (  0.44)               329670 (  0.27)                    0 (  0.00)               329670 (  0.03)
Heap/INSERT+INIT                            1662 (  0.12)               197820 (  0.16)                    0 (  0.00)               197820 (  0.02)
Heap/UPDATE+INIT                             166 (  0.01)                23436 (  0.02)                    0 (  0.00)                23436 (  0.00)
Btree/INSERT_LEAF                         270160 ( 19.53)             19143447 ( 15.44)            525749452 ( 44.57)            544892899 ( 41.80)
Btree/INSERT_UPPER                           900 (  0.07)                66438 (  0.05)              1392300 (  0.12)              1458738 (  0.11)
Btree/SPLIT_L                                402 (  0.03)              1409449 (  1.14)              2721740 (  0.23)              4131189 (  0.32)
Btree/SPLIT_R                                498 (  0.04)               932720 (  0.75)              1327640 (  0.11)              2260360 (  0.17)
Btree/DELETE                                 184 (  0.01)                17364 (  0.01)                    0 (  0.00)                17364 (  0.00)
                                        --------                      --------                      --------                      --------
Total                                    1383442                     124016294 [9.51%]            1179489824 [90.49%]           1303506118 [100%]
