Type                                           N      (%)          Record size      (%)             FPI size      (%)        Combined size      (%)
----                                           -      ---          -----------      ---             --------      ---        -------------      ---
Transaction/COMMIT                         18389 (  1.29)               845894 (  0.66)                    0 (  0.00)               845894 (  0.05)
CLOG/ZEROPAGE                                  1 (  0.00)                   30 (  0.00)                    0 (  0.00)                   30 (  0.00)
Standby/RUNNING_XACTS                          1 (  0.00)                   50 (  0.00)                    0 (  0.00)                   50 (  0.00)
Heap2/CLEAN                               219009 ( 15.40)             14946276 ( 11.74)                    0 (  0.00)             14946276 (  0.80)
Heap/INSERT                               115526 (  8.12)             13494691 ( 10.60)                21064 (  0.00)             13515755 (  0.72)
Heap/DELETE                                 7890 (  0.55)               431300 (  0.34)              7709088 (  0.44)              8140388 (  0.44)
Heap/UPDATE                                25052 (  1.76)              3112828 (  2.44)              9187880 (  0.53)             12300708 (  0.66)
Heap/HOT_UPDATE                           720848 ( 50.69)             70230244 ( 55.16)            795464792 ( 45.62)            865695036 ( 46.27)
Heap/LOCK                                  17439 (  1.23)               941706 (  0.74)                    0 (  0.00)               941706 (  0.05)
Heap/INSERT+INIT                            1776 (  0.12)               211618 (  0.17)                    0 (  0.00)               211618 (  0.01)
Heap/UPDATE+INIT                             277 (  0.02)                39502 (  0.03)                    0 (  0.00)                39502 (  0.00)
Btree/INSERT_LEAF                         293597 ( 20.64)             19288324 ( 15.15)            919503976 ( 52.74)            938792300 ( 50.18)
Btree/INSERT_UPPER                          1184 (  0.08)                79197 (  0.06)              4136348 (  0.24)              4215545 (  0.23)
Btree/SPLIT_L                                842 (  0.06)              3029194 (  2.38)              6122084 (  0.35)              9151278 (  0.49)
Btree/SPLIT_R                                342 (  0.02)               677716 (  0.53)              1475976 (  0.08)              2153692 (  0.12)
Btree/DELETE                                  21 (  0.00)                 1480 (  0.00)                    0 (  0.00)                 1480 (  0.00)
                                        --------                      --------                      --------                      --------
Total                                    1422194                     127330050 [6.81%]            1743621208 [93.19%]           1870951258 [100%]
