Type                                           N      (%)          Record size      (%)             FPI size      (%)        Combined size      (%)
----                                           -      ---          -----------      ---             --------      ---        -------------      ---
Transaction/COMMIT                         18389 (  3.19)               625226 (  1.27)                    0 (  0.00)               625226 (  0.06)
Transaction/ABORT                            636 (  0.11)                21624 (  0.04)                    0 (  0.00)                21624 (  0.00)
Heap2/CLEAN                                57357 (  9.96)              3591054 (  7.29)                    0 (  0.00)              3591054 (  0.37)
Heap/INSERT                               115733 ( 20.10)             13518424 ( 27.43)                21064 (  0.00)             13539488 (  1.40)
Heap/DELETE                                 7890 (  1.37)               431300 (  0.88)              7709088 (  0.84)              8140388 (  0.84)
Heap/UPDATE                                21136 (  3.67)              2593042 (  5.26)              9173932 (  1.00)             11766974 (  1.22)
Heap/HOT_UPDATE                           191203 ( 33.20)             13761697 ( 27.92)            760127776 ( 83.07)            773889473 ( 80.25)
Heap/LOCK                                  13465 (  2.34)               727110 (  1.48)                    0 (  0.00)               727110 (  0.08)
Heap/INSERT+INIT                            1637 (  0.28)               195711 (  0.40)                    0 (  0.00)               195711 (  0.02)
Heap/UPDATE+INIT                             219 (  0.04)                32560 (  0.07)                    0 (  0.00)                32560 (  0.00)
Btree/INSERT_LEAF                         146000 ( 25.35)             10268768 ( 20.83)            126578956 ( 13.83)            136847724 ( 14.19)
Btree/INSERT_UPPER                          1111 (  0.19)                73701 (  0.15)              4105228 (  0.45)              4178929 (  0.43)
Btree/SPLIT_L                                824 (  0.14)              2957939 (  6.00)              6070448 (  0.66)              9028387 (  0.94)
Btree/SPLIT_R                                287 (  0.05)               488263 (  0.99)              1246544 (  0.14)              1734807 (  0.18)
Btree/DELETE                                   2 (  0.00)                  136 (  0.00)                    0 (  0.00)                  136 (  0.00)
                                        --------                      --------                      --------                      --------
Total                                     575889                      49286555 [5.11%]             915033036 [94.89%]            964319591 [100%]
