Type                                           N      (%)          Record size      (%)             FPI size      (%)        Combined size      (%)
----                                           -      ---          -----------      ---             --------      ---        -------------      ---
Transaction/COMMIT                         18436 (  3.11)               626824 (  1.25)                    0 (  0.00)               626824 (  0.07)
Transaction/ABORT                           2848 (  0.48)                96832 (  0.19)                    0 (  0.00)                96832 (  0.01)
Heap2/CLEAN                                60075 ( 10.14)              3772884 (  7.52)                    0 (  0.00)              3772884 (  0.41)
Heap/INSERT                               116245 ( 19.63)             13575233 ( 27.08)                12980 (  0.00)             13588213 (  1.48)
Heap/DELETE                                 8259 (  1.39)               450006 (  0.90)              5914224 (  0.68)              6364230 (  0.69)
Heap/UPDATE                                22997 (  3.88)              2865683 (  5.72)              7035100 (  0.81)              9900783 (  1.08)
Heap/HOT_UPDATE                           196417 ( 33.16)             14306550 ( 28.53)            736344292 ( 84.91)            750650842 ( 81.83)
Heap/LOCK                                  14998 (  2.53)               809892 (  1.62)                    0 (  0.00)               809892 (  0.09)
Heap/INSERT+INIT                            1674 (  0.28)               199639 (  0.40)                    0 (  0.00)               199639 (  0.02)
Heap/UPDATE+INIT                             261 (  0.04)                40526 (  0.08)                    0 (  0.00)                40526 (  0.00)
Btree/INSERT_LEAF                         148125 ( 25.01)             10483928 ( 20.91)            108906812 ( 12.56)            119390740 ( 13.01)
Btree/INSERT_UPPER                           963 (  0.16)                65395 (  0.13)              3120592 (  0.36)              3185987 (  0.35)
Btree/SPLIT_L                                639 (  0.11)              2306350 (  4.60)              4691136 (  0.54)              6997486 (  0.76)
Btree/SPLIT_R                                324 (  0.05)               532787 (  1.06)              1172784 (  0.14)              1705571 (  0.19)
Btree/DELETE                                  66 (  0.01)                 5780 (  0.01)                    0 (  0.00)                 5780 (  0.00)
                                        --------                      --------                      --------                      --------
Total                                     592327                      50138309 [5.47%]             867197920 [94.53%]            917336229 [100%]
