Type                                           N      (%)          Record size      (%)             FPI size      (%)        Combined size      (%)
----                                           -      ---          -----------      ---             --------      ---        -------------      ---
Transaction/COMMIT                         18386 (  1.33)               845756 (  0.68)                    0 (  0.00)               845756 (  0.06)
CLOG/ZEROPAGE                                  1 (  0.00)                   30 (  0.00)                    0 (  0.00)                   30 (  0.00)
Standby/RUNNING_XACTS                          1 (  0.00)                   74 (  0.00)                    0 (  0.00)                   74 (  0.00)
Heap2/CLEAN                               234613 ( 16.94)             16049294 ( 12.93)                    0 (  0.00)             16049294 (  1.23)
Heap/INSERT                               115466 (  8.34)             13490854 ( 10.87)                 8232 (  0.00)             13499086 (  1.04)
Heap/DELETE                                 7860 (  0.57)               426210 (  0.34)              2604024 (  0.22)              3030234 (  0.23)
Heap/UPDATE                                13882 (  1.00)              1489092 (  1.20)              3426992 (  0.29)              4916084 (  0.38)
Heap/HOT_UPDATE                           714196 ( 51.58)             69677287 ( 56.15)            642259428 ( 54.44)            711936715 ( 54.60)
Heap/LOCK                                   6148 (  0.44)               331992 (  0.27)                    0 (  0.00)               331992 (  0.03)
Heap/INSERT+INIT                            1666 (  0.12)               198335 (  0.16)                    0 (  0.00)               198335 (  0.02)
Heap/UPDATE+INIT                             127 (  0.01)                17440 (  0.01)                    0 (  0.00)                17440 (  0.00)
Btree/INSERT_LEAF                         270240 ( 19.52)             19149161 ( 15.43)            526001212 ( 44.59)            545150373 ( 41.81)
Btree/INSERT_UPPER                           899 (  0.06)                66353 (  0.05)              1391356 (  0.12)              1457709 (  0.11)
Btree/SPLIT_L                                402 (  0.03)              1408146 (  1.13)              2699616 (  0.23)              4107762 (  0.32)
Btree/SPLIT_R                                497 (  0.04)               926193 (  0.75)              1349768 (  0.11)              2275961 (  0.17)
Btree/DELETE                                 184 (  0.01)                17432 (  0.01)                    0 (  0.00)                17432 (  0.00)
                                        --------                      --------                      --------                      --------
Total                                    1384568                     124093649 [9.52%]            1179740628 [90.48%]           1303834277 [100%]
