Type                                           N      (%)          Record size      (%)             FPI size      (%)        Combined size      (%)
----                                           -      ---          -----------      ---             --------      ---        -------------      ---
Transaction/COMMIT                         18389 (  3.21)               845894 (  1.71)                    0 (  0.00)               845894 (  0.09)
CLOG/ZEROPAGE                                  1 (  0.00)                   30 (  0.00)                    0 (  0.00)                   30 (  0.00)
Standby/RUNNING_XACTS                          1 (  0.00)                  242 (  0.00)                    0 (  0.00)                  242 (  0.00)
Heap2/CLEAN                                52057 (  9.10)              3287172 (  6.65)                    0 (  0.00)              3287172 (  0.34)
Heap/INSERT                               115595 ( 20.21)             13503367 ( 27.30)                21064 (  0.00)             13524431 (  1.40)
Heap/DELETE                                 7890 (  1.38)               431300 (  0.87)              7709088 (  0.84)              8140388 (  0.84)
Heap/UPDATE                                22340 (  3.90)              2772854 (  5.61)              9173916 (  1.00)             11946770 (  1.24)
Heap/HOT_UPDATE                           189840 ( 33.18)             13650124 ( 27.60)            760127952 ( 83.06)            773778076 ( 80.21)
Heap/LOCK                                  14660 (  2.56)               791640 (  1.60)                    0 (  0.00)               791640 (  0.08)
Heap/INSERT+INIT                            1707 (  0.30)               202942 (  0.41)                    0 (  0.00)               202942 (  0.02)
Heap/UPDATE+INIT                             210 (  0.04)                31559 (  0.06)                    0 (  0.00)                31559 (  0.00)
Btree/INSERT_LEAF                         147125 ( 25.72)             10348737 ( 20.92)            126556788 ( 13.83)            136905525 ( 14.19)
Btree/INSERT_UPPER                          1137 (  0.20)                75749 (  0.15)              4105220 (  0.45)              4180969 (  0.43)
Btree/SPLIT_L                                832 (  0.15)              2979547 (  6.02)              6129456 (  0.67)              9109003 (  0.94)
Btree/SPLIT_R                                305 (  0.05)               539470 (  1.09)              1357184 (  0.15)              1896654 (  0.20)
Btree/DELETE                                   4 (  0.00)                  314 (  0.00)                    0 (  0.00)                  314 (  0.00)
                                        --------                      --------                      --------                      --------
Total                                     572093                      49460941 [5.13%]             915180668 [94.87%]            964641609 [100%]
