Type                                           N      (%)          Record size      (%)             FPI size      (%)        Combined size      (%)
----                                           -      ---          -----------      ---             --------      ---        -------------      ---
Transaction/COMMIT                         18389 (  0.71)               845894 (  0.33)                    0 (  0.00)               845894 (  0.02)
CLOG/ZEROPAGE                                  1 (  0.00)                   30 (  0.00)                    0 (  0.00)                   30 (  0.00)
Heap2/CLEAN                               516339 ( 19.98)             31516305 ( 12.30)                 4864 (  0.00)             31521169 (  0.87)
Heap/INSERT                               163070 (  6.31)             18536187 (  7.23)                20924 (  0.00)             18557111 (  0.51)
Heap/DELETE                                 7890 (  0.31)               431275 (  0.17)              8540084 (  0.25)              8971359 (  0.25)
Heap/UPDATE                               131354 (  5.08)             45413206 ( 17.72)                 9060 (  0.00)             45422266 (  1.25)
Heap/HOT_UPDATE                           928014 ( 35.91)             91886044 ( 35.85)            804467908 ( 23.80)            896353952 ( 24.65)
Heap/HEAP_CONFIRM                          48128 (  1.86)              2310144 (  0.90)                    0 (  0.00)              2310144 (  0.06)
Heap/LOCK                                 131070 (  5.07)              7583515 (  2.96)            817892896 ( 24.19)            825476411 ( 22.70)
Heap/INSERT+INIT                            2360 (  0.09)               271586 (  0.11)                    0 (  0.00)               271586 (  0.01)
Heap/UPDATE+INIT                            5277 (  0.20)              2317135 (  0.90)                    0 (  0.00)              2317135 (  0.06)
Btree/INSERT_LEAF                         624448 ( 24.16)             41224354 ( 16.08)           1716899920 ( 50.79)           1758124274 ( 48.34)
Btree/INSERT_UPPER                          4122 (  0.16)               310048 (  0.12)              5236492 (  0.15)              5546540 (  0.15)
Btree/SPLIT_L                               3278 (  0.13)             11996359 (  4.68)             22463900 (  0.66)             34460259 (  0.95)
Btree/SPLIT_R                                844 (  0.03)              1691548 (  0.66)              5150148 (  0.15)              6841696 (  0.19)
                                        --------                      --------                      --------                      --------
Total                                    2584584                     256333630 [7.05%]            3380686196 [92.95%]           3637019826 [100%]
