Type                                           N      (%)          Record size      (%)             FPI size      (%)        Combined size      (%)
----                                           -      ---          -----------      ---             --------      ---        -------------      ---
Transaction/COMMIT                         18389 (  3.22)               845894 (  1.71)                    0 (  0.00)               845894 (  0.09)
CLOG/ZEROPAGE                                  1 (  0.00)                   30 (  0.00)                    0 (  0.00)                   30 (  0.00)
Standby/RUNNING_XACTS                          1 (  0.00)                   66 (  0.00)                    0 (  0.00)                   66 (  0.00)
Heap2/CLEAN                                51869 (  9.07)              3274268 (  6.62)                    0 (  0.00)              3274268 (  0.34)
Heap/INSERT                               115549 ( 20.21)             13498399 ( 27.30)                21064 (  0.00)             13519463 (  1.40)
Heap/DELETE                                 7890 (  1.38)               431300 (  0.87)              7709088 (  0.84)              8140388 (  0.84)
Heap/UPDATE                                22259 (  3.89)              2760759 (  5.58)              9173916 (  1.00)             11934675 (  1.24)
Heap/HOT_UPDATE                           189898 ( 33.21)             13654909 ( 27.62)            760127952 ( 83.06)            773782861 ( 80.22)
Heap/LOCK                                  14602 (  2.55)               788508 (  1.59)                    0 (  0.00)               788508 (  0.08)
Heap/INSERT+INIT                            1753 (  0.31)               207910 (  0.42)                    0 (  0.00)               207910 (  0.02)
Heap/UPDATE+INIT                             233 (  0.04)                35066 (  0.07)                    0 (  0.00)                35066 (  0.00)
Btree/INSERT_LEAF                         147070 ( 25.72)             10344745 ( 20.92)            126556788 ( 13.83)            136901533 ( 14.19)
Btree/INSERT_UPPER                          1134 (  0.20)                75501 (  0.15)              4105204 (  0.45)              4180705 (  0.43)
Btree/SPLIT_L                                828 (  0.14)              2981239 (  6.03)              6099952 (  0.67)              9081191 (  0.94)
Btree/SPLIT_R                                306 (  0.05)               543110 (  1.10)              1371936 (  0.15)              1915046 (  0.20)
Btree/DELETE                                   4 (  0.00)                  324 (  0.00)                    0 (  0.00)                  324 (  0.00)
                                        --------                      --------                      --------                      --------
Total                                     571786                      49442028 [5.13%]             915165900 [94.87%]            964607928 [100%]
