Type                                           N      (%)          Record size      (%)             FPI size      (%)        Combined size      (%)
----                                           -      ---          -----------      ---             --------      ---        -------------      ---
Transaction/COMMIT                         18389 (  2.92)               625226 (  1.16)                    0 (  0.00)               625226 (  0.06)
Transaction/ABORT                           9685 (  1.54)               329290 (  0.61)                    0 (  0.00)               329290 (  0.03)
Heap2/CLEAN                                58435 (  9.26)              3650720 (  6.75)                    0 (  0.00)              3650720 (  0.38)
Heap/INSERT                               124697 ( 19.77)             14555992 ( 26.91)                21064 (  0.00)             14577056 (  1.50)
Heap/DELETE                                 7890 (  1.25)               431300 (  0.80)              7709088 (  0.84)              8140388 (  0.84)
Heap/UPDATE                                27094 (  4.30)              3557493 (  6.58)              9174044 (  1.00)             12731537 (  1.31)
Heap/HOT_UPDATE                           203098 ( 32.20)             15007487 ( 27.74)            760127296 ( 83.06)            775134783 ( 79.97)
Heap/LOCK                                  19556 (  3.10)              1056024 (  1.95)                    0 (  0.00)              1056024 (  0.11)
Heap/INSERT+INIT                            1799 (  0.29)               214076 (  0.40)                    0 (  0.00)               214076 (  0.02)
Heap/UPDATE+INIT                             351 (  0.06)                54185 (  0.10)                    0 (  0.00)                54185 (  0.01)
Btree/INSERT_LEAF                         157110 ( 24.91)             11030937 ( 20.39)            126675412 ( 13.84)            137706349 ( 14.21)
Btree/INSERT_UPPER                          1130 (  0.18)                75103 (  0.14)              4111000 (  0.45)              4186103 (  0.43)
Btree/SPLIT_L                                842 (  0.13)              3002271 (  5.55)              6188464 (  0.68)              9190735 (  0.95)
Btree/SPLIT_R                                288 (  0.05)               464098 (  0.86)              1194912 (  0.13)              1659010 (  0.17)
Btree/DELETE                                 446 (  0.07)                38874 (  0.07)                    0 (  0.00)                38874 (  0.00)
                                        --------                      --------                      --------                      --------
Total                                     630810                      54093076 [5.58%]             915201280 [94.42%]            969294356 [100%]
