Type                                           N      (%)          Record size      (%)             FPI size      (%)        Combined size      (%)
----                                           -      ---          -----------      ---             --------      ---        -------------      ---
Transaction/COMMIT                         18389 (  3.22)               845894 (  1.71)                    0 (  0.00)               845894 (  0.09)
CLOG/ZEROPAGE                                  1 (  0.00)                   30 (  0.00)                    0 (  0.00)                   30 (  0.00)
Standby/RUNNING_XACTS                          2 (  0.00)                  367 (  0.00)                    0 (  0.00)                  367 (  0.00)
Heap2/CLEAN                                51546 (  9.02)              3253900 (  6.58)                    0 (  0.00)              3253900 (  0.34)
Heap/INSERT                               115567 ( 20.22)             13500038 ( 27.30)                21064 (  0.00)             13521102 (  1.40)
Heap/DELETE                                 7890 (  1.38)               431300 (  0.87)              7709088 (  0.84)              8140388 (  0.84)
Heap/UPDATE                                22323 (  3.91)              2770259 (  5.60)              9173916 (  1.00)             11944175 (  1.24)
Heap/HOT_UPDATE                           189836 ( 33.21)             13649845 ( 27.60)            760127952 ( 83.06)            773777797 ( 80.21)
Heap/LOCK                                  14664 (  2.57)               791856 (  1.60)                    0 (  0.00)               791856 (  0.08)
Heap/INSERT+INIT                            1735 (  0.30)               206271 (  0.42)                    0 (  0.00)               206271 (  0.02)
Heap/UPDATE+INIT                             231 (  0.04)                34871 (  0.07)                    0 (  0.00)                34871 (  0.00)
Btree/INSERT_LEAF                         147131 ( 25.74)             10349116 ( 20.93)            126549384 ( 13.83)            136898500 ( 14.19)
Btree/INSERT_UPPER                          1135 (  0.20)                75589 (  0.15)              4105204 (  0.45)              4180793 (  0.43)
Btree/SPLIT_L                                826 (  0.14)              2983185 (  6.03)              6085200 (  0.66)              9068385 (  0.94)
Btree/SPLIT_R                                309 (  0.05)               562129 (  1.14)              1408816 (  0.15)              1970945 (  0.20)
Btree/DELETE                                   3 (  0.00)                  294 (  0.00)                    0 (  0.00)                  294 (  0.00)
                                        --------                      --------                      --------                      --------
Total                                     571588                      49454944 [5.13%]             915180624 [94.87%]            964635568 [100%]
