Type                                           N      (%)          Record size      (%)             FPI size      (%)        Combined size      (%)
----                                           -      ---          -----------      ---             --------      ---        -------------      ---
Transaction/COMMIT                         18438 (  1.33)               848148 (  0.68)                    0 (  0.00)               848148 (  0.08)
CLOG/ZEROPAGE                                  1 (  0.00)                   30 (  0.00)                    0 (  0.00)                   30 (  0.00)
Standby/RUNNING_XACTS                          1 (  0.00)                   98 (  0.00)                    0 (  0.00)                   98 (  0.00)
Heap2/CLEAN                               224346 ( 16.22)             15473898 ( 12.35)                    0 (  0.00)             15473898 (  1.40)
Heap/INSERT                               114883 (  8.31)             13418211 ( 10.71)                 6756 (  0.00)             13424967 (  1.21)
Heap/DELETE                                 8110 (  0.59)               439200 (  0.35)              1853712 (  0.19)              2292912 (  0.21)
Heap/UPDATE                                15702 (  1.14)              1746236 (  1.39)              2654972 (  0.27)              4401208 (  0.40)
Heap/HOT_UPDATE                           716712 ( 51.83)             70098837 ( 55.96)            569583908 ( 57.97)            639682745 ( 57.74)
Heap/LOCK                                   7762 (  0.56)               419148 (  0.33)                    0 (  0.00)               419148 (  0.04)
Heap/INSERT+INIT                            1650 (  0.12)               197196 (  0.16)                    0 (  0.00)               197196 (  0.02)
Heap/UPDATE+INIT                             170 (  0.01)                23947 (  0.02)                    0 (  0.00)                23947 (  0.00)
Btree/INSERT_LEAF                         272885 ( 19.73)             19909920 ( 15.89)            402932636 ( 41.01)            422842556 ( 38.17)
Btree/INSERT_UPPER                           976 (  0.07)                74275 (  0.06)               944720 (  0.10)              1018995 (  0.09)
Btree/SPLIT_L                                384 (  0.03)              1360164 (  1.09)              2625820 (  0.27)              3985984 (  0.36)
Btree/SPLIT_R                                593 (  0.04)              1236192 (  0.99)              2020944 (  0.21)              3257136 (  0.29)
Btree/DELETE                                 260 (  0.02)                25372 (  0.02)                    0 (  0.00)                25372 (  0.00)
Btree/NEWROOT                                  1 (  0.00)                  126 (  0.00)                    0 (  0.00)                  126 (  0.00)
                                        --------                      --------                      --------                      --------
Total                                    1382874                     125270998 [11.31%]            982623468 [88.69%]           1107894466 [100%]
