Type                                           N      (%)          Record size      (%)             FPI size      (%)        Combined size      (%)
----                                           -      ---          -----------      ---             --------      ---        -------------      ---
Transaction/COMMIT                         18389 (  3.20)               845894 (  1.71)                    0 (  0.00)               845894 (  0.09)
CLOG/ZEROPAGE                                  1 (  0.00)                   30 (  0.00)                    0 (  0.00)                   30 (  0.00)
Heap2/CLEAN                                56983 (  9.92)              3571684 (  7.23)                    0 (  0.00)              3571684 (  0.37)
Heap/INSERT                               115654 ( 20.14)             13509062 ( 27.34)                21064 (  0.00)             13530126 (  1.40)
Heap/DELETE                                 7890 (  1.37)               431300 (  0.87)              7709088 (  0.84)              8140388 (  0.84)
Heap/UPDATE                                21046 (  3.66)              2578428 (  5.22)              9171284 (  1.00)             11749712 (  1.22)
Heap/HOT_UPDATE                           191150 ( 33.28)             13756173 ( 27.84)            760127952 ( 83.08)            773884125 ( 80.25)
Heap/LOCK                                  13349 (  2.32)               720846 (  1.46)                    0 (  0.00)               720846 (  0.07)
Heap/INSERT+INIT                            1648 (  0.29)               197247 (  0.40)                    0 (  0.00)               197247 (  0.02)
Heap/UPDATE+INIT                             194 (  0.03)                28795 (  0.06)                    0 (  0.00)                28795 (  0.00)
Btree/INSERT_LEAF                         145839 ( 25.39)             10257388 ( 20.76)            126549292 ( 13.83)            136806680 ( 14.19)
Btree/INSERT_UPPER                          1111 (  0.19)                73701 (  0.15)              4105172 (  0.45)              4178873 (  0.43)
Btree/SPLIT_L                                823 (  0.14)              2965416 (  6.00)              6063072 (  0.66)              9028488 (  0.94)
Btree/SPLIT_R                                288 (  0.05)               478038 (  0.97)              1224416 (  0.13)              1702454 (  0.18)
                                        --------                      --------                      --------                      --------
Total                                     574365                      49414002 [5.12%]             914971340 [94.88%]            964385342 [100%]
