Type                                           N      (%)          Record size      (%)             FPI size      (%)        Combined size      (%)
----                                           -      ---          -----------      ---             --------      ---        -------------      ---
Transaction/COMMIT                         18389 (  3.18)               625226 (  1.27)                    0 (  0.00)               625226 (  0.06)
Transaction/ABORT                            277 (  0.05)                 9418 (  0.02)                    0 (  0.00)                 9418 (  0.00)
Standby/RUNNING_XACTS                          3 (  0.00)                  194 (  0.00)                    0 (  0.00)                  194 (  0.00)
Heap2/CLEAN                                61150 ( 10.57)              3800804 (  7.70)                    0 (  0.00)              3800804 (  0.39)
Heap/INSERT                               115688 ( 20.00)             13512796 ( 27.36)                21064 (  0.00)             13533860 (  1.40)
Heap/DELETE                                 7890 (  1.36)               431300 (  0.87)              7709088 (  0.84)              8140388 (  0.84)
Heap/UPDATE                                20830 (  3.60)              2546064 (  5.16)              9169420 (  1.00)             11715484 (  1.21)
Heap/HOT_UPDATE                           191401 ( 33.09)             13776591 ( 27.90)            760130112 ( 83.08)            773906703 ( 80.25)
Heap/LOCK                                  13139 (  2.27)               709506 (  1.44)                    0 (  0.00)               709506 (  0.07)
Heap/INSERT+INIT                            1626 (  0.28)               194795 (  0.39)                    0 (  0.00)               194795 (  0.02)
Heap/UPDATE+INIT                             199 (  0.03)                29452 (  0.06)                    0 (  0.00)                29452 (  0.00)
Btree/INSERT_LEAF                         145642 ( 25.18)             10243454 ( 20.74)            126564100 ( 13.83)            136807554 ( 14.19)
Btree/INSERT_UPPER                          1108 (  0.19)                73461 (  0.15)              4105156 (  0.45)              4178617 (  0.43)
Btree/SPLIT_L                                827 (  0.14)              2969900 (  6.01)              6092576 (  0.67)              9062476 (  0.94)
Btree/SPLIT_R                                281 (  0.05)               461160 (  0.93)              1194912 (  0.13)              1656072 (  0.17)
                                        --------                      --------                      --------                      --------
Total                                     578450                      49384121 [5.12%]             914986428 [94.88%]            964370549 [100%]
