Type                                           N      (%)          Record size      (%)             FPI size      (%)        Combined size      (%)
----                                           -      ---          -----------      ---             --------      ---        -------------      ---
Transaction/COMMIT                         18389 (  0.71)               845894 (  0.33)                    0 (  0.00)               845894 (  0.02)
CLOG/ZEROPAGE                                  1 (  0.00)                   30 (  0.00)                    0 (  0.00)                   30 (  0.00)
Standby/RUNNING_XACTS                          1 (  0.00)                  102 (  0.00)                    0 (  0.00)                  102 (  0.00)
Heap2/CLEAN                               516292 ( 19.98)             31513503 ( 12.29)                 4864 (  0.00)             31518367 (  0.87)
Heap/INSERT                               163105 (  6.31)             18539223 (  7.23)                20924 (  0.00)             18560147 (  0.51)
Heap/DELETE                                 7890 (  0.31)               431275 (  0.17)              8540084 (  0.25)              8971359 (  0.25)
Heap/UPDATE                               131359 (  5.08)             45423505 ( 17.72)                 9060 (  0.00)             45432565 (  1.25)
Heap/HOT_UPDATE                           928011 ( 35.91)             91885235 ( 35.85)            804467908 ( 23.80)            896353143 ( 24.64)
Heap/HEAP_CONFIRM                          48128 (  1.86)              2310144 (  0.90)                    0 (  0.00)              2310144 (  0.06)
Heap/LOCK                                 131078 (  5.07)              7583947 (  2.96)            817892896 ( 24.19)            825476843 ( 22.70)
Heap/INSERT+INIT                            2325 (  0.09)               268549 (  0.10)                    0 (  0.00)               268549 (  0.01)
Heap/UPDATE+INIT                            5274 (  0.20)              2305829 (  0.90)                    0 (  0.00)              2305829 (  0.06)
Btree/INSERT_LEAF                         624450 ( 24.16)             41224523 ( 16.08)           1716936996 ( 50.79)           1758161519 ( 48.34)
Btree/INSERT_UPPER                          4125 (  0.16)               310293 (  0.12)              5242256 (  0.16)              5552549 (  0.15)
Btree/SPLIT_L                               3277 (  0.13)             11986556 (  4.68)             22459744 (  0.66)             34446300 (  0.95)
Btree/SPLIT_R                                848 (  0.03)              1711323 (  0.67)              5169056 (  0.15)              6880379 (  0.19)
                                        --------                      --------                      --------                      --------
Total                                    2584553                     256339931 [7.05%]            3380743788 [92.95%]           3637083719 [100%]
