Type                                           N      (%)          Record size      (%)             FPI size      (%)        Combined size      (%)
----                                           -      ---          -----------      ---             --------      ---        -------------      ---
Transaction/COMMIT                         18389 (  2.22)               845894 (  0.82)                    0 (  0.00)               845894 (  0.06)
CLOG/ZEROPAGE                                  1 (  0.00)                   30 (  0.00)                    0 (  0.00)                   30 (  0.00)
Standby/RUNNING_XACTS                          2 (  0.00)                  252 (  0.00)                    0 (  0.00)                  252 (  0.00)
Heap2/CLEAN                                61430 (  7.42)              3720552 (  3.60)                    0 (  0.00)              3720552 (  0.26)
Heap/INSERT                               115691 ( 13.97)             13514799 ( 13.07)                16460 (  0.00)             13531259 (  0.96)
Heap/DELETE                                 7890 (  0.95)               431275 (  0.42)              8540084 (  0.65)              8971359 (  0.63)
Heap/UPDATE                               131136 ( 15.84)             45373087 ( 43.88)                 9060 (  0.00)             45382147 (  3.21)
Heap/HOT_UPDATE                            75941 (  9.17)              6019640 (  5.82)              2537988 (  0.19)              8557628 (  0.60)
Heap/LOCK                                 130884 ( 15.81)              7573471 (  7.33)            817892896 ( 62.33)            825466367 ( 58.31)
Heap/INSERT+INIT                            1611 (  0.19)               191509 (  0.19)                    0 (  0.00)               191509 (  0.01)
Heap/UPDATE+INIT                            5313 (  0.64)              2322076 (  2.25)                    0 (  0.00)              2322076 (  0.16)
Btree/INSERT_LEAF                         276714 ( 33.42)             18468187 ( 17.86)            469011008 ( 35.74)            487479195 ( 34.44)
Btree/INSERT_UPPER                          1487 (  0.18)               103341 (  0.10)              4141836 (  0.32)              4245177 (  0.30)
Btree/SPLIT_L                                935 (  0.11)              3376571 (  3.27)              6881808 (  0.52)             10258379 (  0.72)
Btree/SPLIT_R                                552 (  0.07)              1450708 (  1.40)              3215936 (  0.25)              4666644 (  0.33)
                                        --------                      --------                      --------                      --------
Total                                     827976                     103391392 [7.30%]            1312247076 [92.70%]           1415638468 [100%]
