Type                                           N      (%)          Record size      (%)             FPI size      (%)        Combined size      (%)
----                                           -      ---          -----------      ---             --------      ---        -------------      ---
Transaction/COMMIT                         18389 (  1.29)               845894 (  0.66)                    0 (  0.00)               845894 (  0.05)
CLOG/ZEROPAGE                                  1 (  0.00)                   30 (  0.00)                    0 (  0.00)                   30 (  0.00)
Standby/RUNNING_XACTS                          1 (  0.00)                  154 (  0.00)                    0 (  0.00)                  154 (  0.00)
Heap2/CLEAN                               218612 ( 15.37)             14927840 ( 11.72)                    0 (  0.00)             14927840 (  0.80)
Heap/INSERT                               115560 (  8.13)             13499127 ( 10.60)                21064 (  0.00)             13520191 (  0.72)
Heap/DELETE                                 7890 (  0.55)               431300 (  0.34)              7709088 (  0.44)              8140388 (  0.44)
Heap/UPDATE                                25183 (  1.77)              3130494 (  2.46)              9187880 (  0.53)             12318374 (  0.66)
Heap/HOT_UPDATE                           720710 ( 50.67)             70217117 ( 55.13)            795464808 ( 45.62)            865681925 ( 46.26)
Heap/LOCK                                  17577 (  1.24)               949158 (  0.75)                    0 (  0.00)               949158 (  0.05)
Heap/INSERT+INIT                            1742 (  0.12)               207182 (  0.16)                    0 (  0.00)               207182 (  0.01)
Heap/UPDATE+INIT                             284 (  0.02)                40265 (  0.03)                    0 (  0.00)                40265 (  0.00)
Btree/INSERT_LEAF                         293888 ( 20.66)             19308756 ( 15.16)            919682136 ( 52.74)            938990892 ( 50.18)
Btree/INSERT_UPPER                          1186 (  0.08)                79314 (  0.06)              4136444 (  0.24)              4215758 (  0.23)
Btree/SPLIT_L                                841 (  0.06)              3031191 (  2.38)              6114708 (  0.35)              9145899 (  0.49)
Btree/SPLIT_R                                345 (  0.02)               688424 (  0.54)              1490664 (  0.09)              2179088 (  0.12)
Btree/DELETE                                  20 (  0.00)                 1402 (  0.00)                    0 (  0.00)                 1402 (  0.00)
                                        --------                      --------                      --------                      --------
Total                                    1422229                     127357648 [6.81%]            1743806792 [93.19%]           1871164440 [100%]
