Type                                           N      (%)          Record size      (%)             FPI size      (%)        Combined size      (%)
----                                           -      ---          -----------      ---             --------      ---        -------------      ---
Transaction/COMMIT                         18389 (  3.18)               625226 (  1.27)                    0 (  0.00)               625226 (  0.06)
Transaction/ABORT                            284 (  0.05)                 9656 (  0.02)                    0 (  0.00)                 9656 (  0.00)
Standby/RUNNING_XACTS                          1 (  0.00)                   50 (  0.00)                    0 (  0.00)                   50 (  0.00)
Heap2/CLEAN                                61012 ( 10.55)              3793576 (  7.68)                    0 (  0.00)              3793576 (  0.39)
Heap/INSERT                               115682 ( 20.00)             13512259 ( 27.37)                21064 (  0.00)             13533323 (  1.40)
Heap/DELETE                                 7890 (  1.36)               431300 (  0.87)              7709088 (  0.84)              8140388 (  0.84)
Heap/UPDATE                                20832 (  3.60)              2546319 (  5.16)              9169420 (  1.00)             11715739 (  1.21)
Heap/HOT_UPDATE                           191396 ( 33.10)             13775834 ( 27.90)            760129832 ( 83.08)            773905666 ( 80.25)
Heap/LOCK                                  13135 (  2.27)               709290 (  1.44)                    0 (  0.00)               709290 (  0.07)
Heap/INSERT+INIT                            1629 (  0.28)               195082 (  0.40)                    0 (  0.00)               195082 (  0.02)
Heap/UPDATE+INIT                             193 (  0.03)                28564 (  0.06)                    0 (  0.00)                28564 (  0.00)
Btree/INSERT_LEAF                         145635 ( 25.18)             10242966 ( 20.74)            126564100 ( 13.83)            136807066 ( 14.19)
Btree/INSERT_UPPER                          1110 (  0.19)                73621 (  0.15)              4105140 (  0.45)              4178761 (  0.43)
Btree/SPLIT_L                                827 (  0.14)              2977156 (  6.03)              6092576 (  0.67)              9069732 (  0.94)
Btree/SPLIT_R                                283 (  0.05)               456724 (  0.92)              1194912 (  0.13)              1651636 (  0.17)
                                        --------                      --------                      --------                      --------
Total                                     578298                      49377623 [5.12%]             914986132 [94.88%]            964363755 [100%]
