Type                                           N      (%)          Record size      (%)             FPI size      (%)        Combined size      (%)
----                                           -      ---          -----------      ---             --------      ---        -------------      ---
Transaction/COMMIT                         18438 (  2.80)               626892 (  1.15)                    0 (  0.00)               626892 (  0.09)
Transaction/ABORT                          11079 (  1.68)               376686 (  0.69)                    0 (  0.00)               376686 (  0.06)
Standby/RUNNING_XACTS                          1 (  0.00)                  110 (  0.00)                    0 (  0.00)                  110 (  0.00)
Heap2/CLEAN                               103100 ( 15.66)              6255186 ( 11.45)                    0 (  0.00)              6255186 (  0.93)
Heap/INSERT                               124923 ( 18.98)             14587076 ( 26.69)                 6756 (  0.00)             14593832 (  2.18)
Heap/DELETE                                 8121 (  1.23)               439794 (  0.80)              1853712 (  0.30)              2293506 (  0.34)
Heap/UPDATE                                16519 (  2.51)              1948641 (  3.57)              2649840 (  0.43)              4598481 (  0.69)
Heap/HOT_UPDATE                           211994 ( 32.21)             16079289 ( 29.42)            563616412 ( 91.52)            579695701 ( 86.46)
Heap/LOCK                                   8529 (  1.30)               460566 (  0.84)                    0 (  0.00)               460566 (  0.07)
Heap/INSERT+INIT                            1779 (  0.27)               212688 (  0.39)                    0 (  0.00)               212688 (  0.03)
Heap/UPDATE+INIT                             135 (  0.02)                21324 (  0.04)                    0 (  0.00)                21324 (  0.00)
Btree/INSERT_LEAF                         150579 ( 22.88)             10933419 ( 20.01)             41960308 (  6.81)             52893727 (  7.89)
Btree/INSERT_UPPER                           965 (  0.15)                73516 (  0.13)               939072 (  0.15)              1012588 (  0.15)
Btree/SPLIT_L                                371 (  0.06)              1316304 (  2.41)              2640608 (  0.43)              3956912 (  0.59)
Btree/SPLIT_R                                594 (  0.09)              1227659 (  2.25)              2146416 (  0.35)              3374075 (  0.50)
Btree/DELETE                                1102 (  0.17)                89077 (  0.16)                    0 (  0.00)                89077 (  0.01)
                                        --------                      --------                      --------                      --------
Total                                     658229                      54648227 [8.15%]             615813124 [91.85%]            670461351 [100%]
