Type                                           N      (%)          Record size      (%)             FPI size      (%)        Combined size      (%)
----                                           -      ---          -----------      ---             --------      ---        -------------      ---
Transaction/COMMIT                         18389 (  3.20)               845894 (  1.71)                    0 (  0.00)               845894 (  0.09)
CLOG/ZEROPAGE                                  1 (  0.00)                   30 (  0.00)                    0 (  0.00)                   30 (  0.00)
Standby/RUNNING_XACTS                          1 (  0.00)                   98 (  0.00)                    0 (  0.00)                   98 (  0.00)
Heap2/CLEAN                                57227 (  9.96)              3585540 (  7.26)                    0 (  0.00)              3585540 (  0.37)
Heap/INSERT                               115654 ( 20.13)             13509150 ( 27.34)                21064 (  0.00)             13530214 (  1.40)
Heap/DELETE                                 7890 (  1.37)               431300 (  0.87)              7709088 (  0.84)              8140388 (  0.84)
Heap/UPDATE                                21018 (  3.66)              2574508 (  5.21)              9169420 (  1.00)             11743928 (  1.22)
Heap/HOT_UPDATE                           191172 ( 33.27)             13757968 ( 27.84)            760129824 ( 83.08)            773887792 ( 80.25)
Heap/LOCK                                  13328 (  2.32)               719712 (  1.46)                    0 (  0.00)               719712 (  0.07)
Heap/INSERT+INIT                            1648 (  0.29)               197159 (  0.40)                    0 (  0.00)               197159 (  0.02)
Heap/UPDATE+INIT                             200 (  0.03)                29637 (  0.06)                    0 (  0.00)                29637 (  0.00)
Btree/INSERT_LEAF                         145819 ( 25.38)             10255905 ( 20.75)            126556696 ( 13.83)            136812601 ( 14.19)
Btree/INSERT_UPPER                          1109 (  0.19)                73533 (  0.15)              4105188 (  0.45)              4178721 (  0.43)
Btree/SPLIT_L                                822 (  0.14)              2965277 (  6.00)              6055696 (  0.66)              9020973 (  0.94)
Btree/SPLIT_R                                287 (  0.05)               474557 (  0.96)              1231792 (  0.13)              1706349 (  0.18)
                                        --------                      --------                      --------                      --------
Total                                     574565                      49420268 [5.12%]             914978768 [94.88%]            964399036 [100%]
