Type                                           N      (%)          Record size      (%)             FPI size      (%)        Combined size      (%)
----                                           -      ---          -----------      ---             --------      ---        -------------      ---
Transaction/COMMIT                         18389 (  3.19)               625226 (  1.26)                    0 (  0.00)               625226 (  0.06)
Transaction/ABORT                           1200 (  0.21)                40800 (  0.08)                    0 (  0.00)                40800 (  0.00)
Heap2/CLEAN                                55765 (  9.67)              3502098 (  7.09)                    0 (  0.00)              3502098 (  0.36)
Heap/INSERT                               115992 ( 20.11)             13548333 ( 27.41)                21064 (  0.00)             13569397 (  1.41)
Heap/DELETE                                 7890 (  1.37)               431300 (  0.87)              7709088 (  0.84)              8140388 (  0.84)
Heap/UPDATE                                21463 (  3.72)              2646964 (  5.36)              9173916 (  1.00)             11820880 (  1.23)
Heap/HOT_UPDATE                           191523 ( 33.21)             13799884 ( 27.92)            760127944 ( 83.06)            773927828 ( 80.23)
Heap/LOCK                                  13802 (  2.39)               745308 (  1.51)                    0 (  0.00)               745308 (  0.08)
Heap/INSERT+INIT                            1673 (  0.29)               199823 (  0.40)                    0 (  0.00)               199823 (  0.02)
Heap/UPDATE+INIT                             230 (  0.04)                35326 (  0.07)                    0 (  0.00)                35326 (  0.00)
Btree/INSERT_LEAF                         146486 ( 25.40)             10301848 ( 20.84)            126697600 ( 13.84)            136999448 ( 14.20)
Btree/INSERT_UPPER                          1116 (  0.19)                74109 (  0.15)              4105188 (  0.45)              4179297 (  0.43)
Btree/SPLIT_L                                824 (  0.14)              2969163 (  6.01)              6070448 (  0.66)              9039611 (  0.94)
Btree/SPLIT_R                                292 (  0.05)               503974 (  1.02)              1283424 (  0.14)              1787398 (  0.19)
Btree/DELETE                                  13 (  0.00)                  948 (  0.00)                    0 (  0.00)                  948 (  0.00)
                                        --------                      --------                      --------                      --------
Total                                     576658                      49425104 [5.12%]             915188672 [94.88%]            964613776 [100%]
