Type                                           N      (%)          Record size      (%)             FPI size      (%)        Combined size      (%)
----                                           -      ---          -----------      ---             --------      ---        -------------      ---
Transaction/COMMIT                         18412 (  2.66)               626008 (  1.09)                    0 (  0.00)               626008 (  0.13)
Transaction/ABORT                          22088 (  3.19)               750992 (  1.31)                    0 (  0.00)               750992 (  0.15)
CLOG/ZEROPAGE                                  1 (  0.00)                   30 (  0.00)                    0 (  0.00)                   30 (  0.00)
Standby/RUNNING_XACTS                          2 (  0.00)                  320 (  0.00)                    0 (  0.00)                  320 (  0.00)
Heap2/CLEAN                               106212 ( 15.33)              6442276 ( 11.26)                    0 (  0.00)              6442276 (  1.29)
Heap/INSERT                               128909 ( 18.60)             15056365 ( 26.32)                11640 (  0.00)             15068005 (  3.01)
Heap/DELETE                                 8050 (  1.16)               435345 (  0.76)               948924 (  0.21)              1384269 (  0.28)
Heap/UPDATE                                20332 (  2.93)              2523439 (  4.41)              1870676 (  0.42)              4394115 (  0.88)
Heap/HOT_UPDATE                           211767 ( 30.56)             16503282 ( 28.85)            413992516 ( 93.43)            430495798 ( 86.05)
Heap/LOCK                                  12574 (  1.81)               678996 (  1.19)                    0 (  0.00)               678996 (  0.14)
Heap/INSERT+INIT                            1872 (  0.27)               223121 (  0.39)                    0 (  0.00)               223121 (  0.04)
Heap/UPDATE+INIT                             215 (  0.03)                33773 (  0.06)                    0 (  0.00)                33773 (  0.01)
Btree/INSERT_LEAF                         159399 ( 23.00)             11658904 ( 20.38)             22039728 (  4.97)             33698632 (  6.74)
Btree/INSERT_UPPER                           858 (  0.12)                66562 (  0.12)               510000 (  0.12)               576562 (  0.12)
Btree/SPLIT_L                                250 (  0.04)               882045 (  1.54)              1689104 (  0.38)              2571149 (  0.51)
Btree/SPLIT_R                                608 (  0.09)              1212644 (  2.12)              2035776 (  0.46)              3248420 (  0.65)
Btree/DELETE                                1374 (  0.20)               115041 (  0.20)                    0 (  0.00)               115041 (  0.02)
                                        --------                      --------                      --------                      --------
Total                                     692923                      57209143 [11.43%]            443098364 [88.57%]            500307507 [100%]
