Type                                           N      (%)          Record size      (%)             FPI size      (%)        Combined size      (%)
----                                           -      ---          -----------      ---             --------      ---        -------------      ---
Transaction/COMMIT                         18388 (  3.00)               625192 (  1.22)                    0 (  0.00)               625192 (  0.07)
Transaction/ABORT                           5227 (  0.85)               177718 (  0.35)                    0 (  0.00)               177718 (  0.02)
Standby/RUNNING_XACTS                          1 (  0.00)                  110 (  0.00)                    0 (  0.00)                  110 (  0.00)
Heap2/CLEAN                                73066 ( 11.93)              4529140 (  8.85)                    0 (  0.00)              4529140 (  0.53)
Heap/INSERT                               118465 ( 19.34)             13833632 ( 27.04)                20388 (  0.00)             13854020 (  1.63)
Heap/DELETE                                 7920 (  1.29)               430420 (  0.84)              4031088 (  0.50)              4461508 (  0.52)
Heap/UPDATE                                23269 (  3.80)              2947079 (  5.76)              5022952 (  0.63)              7970031 (  0.94)
Heap/HOT_UPDATE                           197252 ( 32.20)             14533871 ( 28.41)            698826184 ( 87.41)            713360055 ( 83.86)
Heap/LOCK                                  15590 (  2.54)               841860 (  1.65)                    0 (  0.00)               841860 (  0.10)
Heap/INSERT+INIT                            1734 (  0.28)               207254 (  0.41)                    0 (  0.00)               207254 (  0.02)
Heap/UPDATE+INIT                             239 (  0.04)                36333 (  0.07)                    0 (  0.00)                36333 (  0.00)
Btree/INSERT_LEAF                         149599 ( 24.42)             10669804 ( 20.86)             85102300 ( 10.64)             95772104 ( 11.26)
Btree/INSERT_UPPER                           862 (  0.14)                60993 (  0.12)              2095756 (  0.26)              2156749 (  0.25)
Btree/SPLIT_L                                463 (  0.08)              1610375 (  3.15)              3252816 (  0.41)              4863191 (  0.57)
Btree/SPLIT_R                                399 (  0.07)               644436 (  1.26)              1135904 (  0.14)              1780340 (  0.21)
Btree/DELETE                                 120 (  0.02)                11549 (  0.02)                    0 (  0.00)                11549 (  0.00)
                                        --------                      --------                      --------                      --------
Total                                     612594                      51159766 [6.01%]             799487388 [93.99%]            850647154 [100%]
