Type                                           N      (%)          Record size      (%)             FPI size      (%)        Combined size      (%)
----                                           -      ---          -----------      ---             --------      ---        -------------      ---
Transaction/COMMIT                         18389 (  1.29)               845894 (  0.66)                    0 (  0.00)               845894 (  0.05)
CLOG/ZEROPAGE                                  1 (  0.00)                   30 (  0.00)                    0 (  0.00)                   30 (  0.00)
Standby/RUNNING_XACTS                          1 (  0.00)                   90 (  0.00)                    0 (  0.00)                   90 (  0.00)
Heap2/CLEAN                               223980 ( 15.71)             15235758 ( 11.95)                    0 (  0.00)             15235758 (  0.81)
Heap/INSERT                               115545 (  8.11)             13498301 ( 10.59)                21064 (  0.00)             13519365 (  0.72)
Heap/DELETE                                 7890 (  0.55)               431300 (  0.34)              7709088 (  0.44)              8140388 (  0.44)
Heap/UPDATE                                24473 (  1.72)              3033200 (  2.38)              9187840 (  0.53)             12221040 (  0.65)
Heap/HOT_UPDATE                           721417 ( 50.61)             70283469 ( 55.15)            795464792 ( 45.66)            865748261 ( 46.30)
Heap/LOCK                                  16870 (  1.18)               910980 (  0.71)                    0 (  0.00)               910980 (  0.05)
Heap/INSERT+INIT                            1757 (  0.12)               208008 (  0.16)                    0 (  0.00)               208008 (  0.01)
Heap/UPDATE+INIT                             287 (  0.02)                41142 (  0.03)                    0 (  0.00)                41142 (  0.00)
Btree/INSERT_LEAF                         292404 ( 20.51)             19204602 ( 15.07)            918184572 ( 52.70)            937389174 ( 50.14)
Btree/INSERT_UPPER                          1176 (  0.08)                78538 (  0.06)              4136444 (  0.24)              4214982 (  0.23)
Btree/SPLIT_L                                842 (  0.06)              3029292 (  2.38)              6136856 (  0.35)              9166148 (  0.49)
Btree/SPLIT_R                                334 (  0.02)               643449 (  0.50)              1424304 (  0.08)              2067753 (  0.11)
Btree/DELETE                                  14 (  0.00)                  950 (  0.00)                    0 (  0.00)                  950 (  0.00)
                                        --------                      --------                      --------                      --------
Total                                    1425380                     127445003 [6.82%]            1742264960 [93.18%]           1869709963 [100%]
