Type                                           N      (%)          Record size      (%)             FPI size      (%)        Combined size      (%)
----                                           -      ---          -----------      ---             --------      ---        -------------      ---
Transaction/COMMIT                         18389 (  1.26)               845894 (  0.66)                    0 (  0.00)               845894 (  0.05)
CLOG/ZEROPAGE                                  1 (  0.00)                   30 (  0.00)                    0 (  0.00)                   30 (  0.00)
Standby/RUNNING_XACTS                          1 (  0.00)                   50 (  0.00)                    0 (  0.00)                   50 (  0.00)
Heap2/CLEAN                               265120 ( 18.18)             17600504 ( 13.65)                    0 (  0.00)             17600504 (  0.94)
Heap/INSERT                               115678 (  7.93)             13511882 ( 10.48)                21064 (  0.00)             13532946 (  0.73)
Heap/DELETE                                 7890 (  0.54)               431300 (  0.33)              7709088 (  0.44)              8140388 (  0.44)
Heap/UPDATE                                21903 (  1.50)              2681855 (  2.08)              9175240 (  0.53)             11857095 (  0.64)
Heap/HOT_UPDATE                           724040 ( 49.65)             70529284 ( 54.70)            795466664 ( 45.79)            865995948 ( 46.41)
Heap/LOCK                                  14247 (  0.98)               769338 (  0.60)                    0 (  0.00)               769338 (  0.04)
Heap/INSERT+INIT                            1624 (  0.11)               194427 (  0.15)                    0 (  0.00)               194427 (  0.01)
Heap/UPDATE+INIT                             234 (  0.02)                33965 (  0.03)                    0 (  0.00)                33965 (  0.00)
Btree/INSERT_LEAF                         286850 ( 19.67)             18813400 ( 14.59)            913246172 ( 52.58)            932059572 ( 49.95)
Btree/INSERT_UPPER                          1111 (  0.08)                73655 (  0.06)              4114528 (  0.24)              4188183 (  0.22)
Btree/SPLIT_L                                827 (  0.06)              2973620 (  2.31)              6092576 (  0.35)              9066196 (  0.49)
Btree/SPLIT_R                                284 (  0.02)               469340 (  0.36)              1209664 (  0.07)              1679004 (  0.09)
                                        --------                      --------                      --------                      --------
Total                                    1458199                     128928544 [6.91%]            1737034996 [93.09%]           1865963540 [100%]
