Type                                           N      (%)          Record size      (%)             FPI size      (%)        Combined size      (%)
----                                           -      ---          -----------      ---             --------      ---        -------------      ---
Transaction/COMMIT                         18389 (  1.27)               845894 (  0.66)                    0 (  0.00)               845894 (  0.05)
CLOG/ZEROPAGE                                  1 (  0.00)                   30 (  0.00)                    0 (  0.00)                   30 (  0.00)
Standby/RUNNING_XACTS                          3 (  0.00)                  286 (  0.00)                    0 (  0.00)                  286 (  0.00)
Heap2/CLEAN                               252333 ( 17.43)             16871624 ( 13.14)                    0 (  0.00)             16871624 (  0.90)
Heap/INSERT                               115657 (  7.99)             13509637 ( 10.52)                21064 (  0.00)             13530701 (  0.73)
Heap/DELETE                                 7890 (  0.55)               431300 (  0.34)              7709088 (  0.44)              8140388 (  0.44)
Heap/UPDATE                                22538 (  1.56)              2765476 (  2.15)              9177104 (  0.53)             11942580 (  0.64)
Heap/HOT_UPDATE                           723384 ( 49.97)             70464847 ( 54.88)            795464792 ( 45.77)            865929639 ( 46.40)
Heap/LOCK                                  14903 (  1.03)               804762 (  0.63)                    0 (  0.00)               804762 (  0.04)
Heap/INSERT+INIT                            1645 (  0.11)               196672 (  0.15)                    0 (  0.00)               196672 (  0.01)
Heap/UPDATE+INIT                             255 (  0.02)                36796 (  0.03)                    0 (  0.00)                36796 (  0.00)
Btree/INSERT_LEAF                         288280 ( 19.92)             18914334 ( 14.73)            913942836 ( 52.59)            932857170 ( 49.99)
Btree/INSERT_UPPER                          1123 (  0.08)                74499 (  0.06)              4132808 (  0.24)              4207307 (  0.23)
Btree/SPLIT_L                                829 (  0.06)              2979686 (  2.32)              6077824 (  0.35)              9057510 (  0.49)
Btree/SPLIT_R                                294 (  0.02)               504905 (  0.39)              1246532 (  0.07)              1751437 (  0.09)
Btree/DELETE                                   4 (  0.00)                  266 (  0.00)                    0 (  0.00)                  266 (  0.00)
                                        --------                      --------                      --------                      --------
Total                                    1447528                     128401014 [6.88%]            1737772048 [93.12%]           1866173062 [100%]
