Type                                           N      (%)          Record size      (%)             FPI size      (%)        Combined size      (%)
----                                           -      ---          -----------      ---             --------      ---        -------------      ---
Transaction/COMMIT                         18436 (  1.29)               848056 (  0.66)                    0 (  0.00)               848056 (  0.05)
CLOG/ZEROPAGE                                  1 (  0.00)                   30 (  0.00)                    0 (  0.00)                   30 (  0.00)
Heap2/CLEAN                               229672 ( 16.03)             15664222 ( 12.26)                    0 (  0.00)             15664222 (  0.90)
Heap/INSERT                               114755 (  8.01)             13403539 ( 10.49)                12980 (  0.00)             13416519 (  0.77)
Heap/DELETE                                 8250 (  0.58)               449520 (  0.35)              5914224 (  0.36)              6363744 (  0.36)
Heap/UPDATE                                25246 (  1.76)              3135939 (  2.45)              7045116 (  0.43)             10181055 (  0.58)
Heap/HOT_UPDATE                           723008 ( 50.45)             70436583 ( 55.12)            762654864 ( 47.01)            833091447 ( 47.60)
Heap/LOCK                                  17296 (  1.21)               933984 (  0.73)                    0 (  0.00)               933984 (  0.05)
Heap/INSERT+INIT                            1683 (  0.12)               200741 (  0.16)                    0 (  0.00)               200741 (  0.01)
Heap/UPDATE+INIT                             301 (  0.02)                43876 (  0.03)                    0 (  0.00)                43876 (  0.00)
Btree/INSERT_LEAF                         292498 ( 20.41)             19557167 ( 15.31)            837407804 ( 51.62)            856964971 ( 48.97)
Btree/INSERT_UPPER                          1015 (  0.07)                69348 (  0.05)              3142116 (  0.19)              3211464 (  0.18)
Btree/SPLIT_L                                660 (  0.05)              2375789 (  1.86)              4787032 (  0.30)              7162821 (  0.41)
Btree/SPLIT_R                                355 (  0.02)               656961 (  0.51)              1320320 (  0.08)              1977281 (  0.11)
Btree/DELETE                                  16 (  0.00)                 1292 (  0.00)                    0 (  0.00)                 1292 (  0.00)
                                        --------                      --------                      --------                      --------
Total                                    1433192                     127777047 [7.30%]            1622284456 [92.70%]           1750061503 [100%]
