Type                                           N      (%)          Record size      (%)             FPI size      (%)        Combined size      (%)
----                                           -      ---          -----------      ---             --------      ---        -------------      ---
Transaction/COMMIT                         18416 (  2.88)               847136 (  1.54)                    0 (  0.00)               847136 (  0.25)
CLOG/ZEROPAGE                                  1 (  0.00)                   30 (  0.00)                    0 (  0.00)                   30 (  0.00)
Standby/RUNNING_XACTS                          2 (  0.00)                  100 (  0.00)                    0 (  0.00)                  100 (  0.00)
Heap2/CLEAN                               108359 ( 16.95)              6600530 ( 12.01)                    0 (  0.00)              6600530 (  1.98)
Heap/INSERT                               114711 ( 17.94)             13398495 ( 24.38)                16344 (  0.01)             13414839 (  4.03)
Heap/DELETE                                 8010 (  1.25)               432900 (  0.79)               529632 (  0.19)               962532 (  0.29)
Heap/UPDATE                                25114 (  3.93)              3211947 (  5.84)              1270064 (  0.46)              4482011 (  1.35)
Heap/HOT_UPDATE                           193495 ( 30.27)             15412278 ( 28.04)            261023124 ( 93.98)            276435402 ( 83.09)
Heap/LOCK                                  17735 (  2.77)               957690 (  1.74)                    0 (  0.00)               957690 (  0.29)
Heap/INSERT+INIT                            1652 (  0.26)               196805 (  0.36)                    0 (  0.00)               196805 (  0.06)
Heap/UPDATE+INIT                             287 (  0.04)                45790 (  0.08)                    0 (  0.00)                45790 (  0.01)
Btree/INSERT_LEAF                         149122 ( 23.33)             10957056 ( 19.94)             11427620 (  4.11)             22384676 (  6.73)
Btree/INSERT_UPPER                          1032 (  0.16)                81520 (  0.15)               267616 (  0.10)               349136 (  0.10)
Btree/SPLIT_L                                341 (  0.05)              1258549 (  2.29)              1733360 (  0.62)              2991909 (  0.90)
Btree/SPLIT_R                                691 (  0.11)              1534535 (  2.79)              1482576 (  0.53)              3017111 (  0.91)
Btree/DELETE                                 301 (  0.05)                25218 (  0.05)                    0 (  0.00)                25218 (  0.01)
                                        --------                      --------                      --------                      --------
Total                                     639269                      54960579 [16.52%]            277750336 [83.48%]            332710915 [100%]
