Type                                           N      (%)          Record size      (%)             FPI size      (%)        Combined size      (%)
----                                           -      ---          -----------      ---             --------      ---        -------------      ---
Transaction/COMMIT                         18388 (  3.11)               845848 (  1.70)                    0 (  0.00)               845848 (  0.10)
CLOG/ZEROPAGE                                  1 (  0.00)                   30 (  0.00)                    0 (  0.00)                   30 (  0.00)
Standby/RUNNING_XACTS                          1 (  0.00)                  130 (  0.00)                    0 (  0.00)                  130 (  0.00)
Heap2/CLEAN                                70930 ( 12.00)              4408044 (  8.85)                    0 (  0.00)              4408044 (  0.52)
Heap/INSERT                               115488 ( 19.53)             13489835 ( 27.09)                20388 (  0.00)             13510223 (  1.59)
Heap/DELETE                                 7920 (  1.34)               430420 (  0.86)              4031088 (  0.50)              4461508 (  0.53)
Heap/UPDATE                                21904 (  3.70)              2714510 (  5.45)              5023072 (  0.63)              7737582 (  0.91)
Heap/HOT_UPDATE                           191936 ( 32.46)             13990255 ( 28.09)            698825648 ( 87.40)            712815903 ( 83.92)
Heap/LOCK                                  14191 (  2.40)               766314 (  1.54)                    0 (  0.00)               766314 (  0.09)
Heap/INSERT+INIT                            1699 (  0.29)               202645 (  0.41)                    0 (  0.00)               202645 (  0.02)
Heap/UPDATE+INIT                             207 (  0.04)                30816 (  0.06)                    0 (  0.00)                30816 (  0.00)
Btree/INSERT_LEAF                         146844 ( 24.83)             10485979 ( 21.05)             85005940 ( 10.63)             95491919 ( 11.24)
Btree/INSERT_UPPER                           885 (  0.15)                62908 (  0.13)              2095600 (  0.26)              2158508 (  0.25)
Btree/SPLIT_L                                461 (  0.08)              1629205 (  3.27)              3267568 (  0.41)              4896773 (  0.58)
Btree/SPLIT_R                                424 (  0.07)               746246 (  1.50)              1342432 (  0.17)              2088678 (  0.25)
Btree/DELETE                                   3 (  0.00)                  262 (  0.00)                    0 (  0.00)                  262 (  0.00)
                                        --------                      --------                      --------                      --------
Total                                     591282                      49803447 [5.86%]             799611736 [94.14%]            849415183 [100%]
