Type                                           N      (%)          Record size      (%)             FPI size      (%)        Combined size      (%)
----                                           -      ---          -----------      ---             --------      ---        -------------      ---
Transaction/COMMIT                         18389 (  3.18)               625226 (  1.27)                    0 (  0.00)               625226 (  0.06)
Transaction/ABORT                            287 (  0.05)                 9758 (  0.02)                    0 (  0.00)                 9758 (  0.00)
Heap2/CLEAN                                61026 ( 10.55)              3793438 (  7.68)                    0 (  0.00)              3793438 (  0.39)
Heap/INSERT                               115687 ( 20.00)             13512620 ( 27.36)                21064 (  0.00)             13533684 (  1.40)
Heap/DELETE                                 7890 (  1.36)               431300 (  0.87)              7709088 (  0.84)              8140388 (  0.84)
Heap/UPDATE                                20825 (  3.60)              2545229 (  5.15)              9169420 (  1.00)             11714649 (  1.21)
Heap/HOT_UPDATE                           191398 ( 33.10)             13775886 ( 27.90)            760129832 ( 83.08)            773905718 ( 80.25)
Heap/LOCK                                  13139 (  2.27)               709506 (  1.44)                    0 (  0.00)               709506 (  0.07)
Heap/INSERT+INIT                            1623 (  0.28)               194484 (  0.39)                    0 (  0.00)               194484 (  0.02)
Heap/UPDATE+INIT                             204 (  0.04)                30316 (  0.06)                    0 (  0.00)                30316 (  0.00)
Btree/INSERT_LEAF                         145638 ( 25.18)             10243166 ( 20.74)            126564100 ( 13.83)            136807266 ( 14.19)
Btree/INSERT_UPPER                          1110 (  0.19)                73597 (  0.15)              4105172 (  0.45)              4178769 (  0.43)
Btree/SPLIT_L                                824 (  0.14)              2968395 (  6.01)              6070448 (  0.66)              9038843 (  0.94)
Btree/SPLIT_R                                286 (  0.05)               470701 (  0.95)              1217040 (  0.13)              1687741 (  0.18)
Btree/DELETE                                   1 (  0.00)                   60 (  0.00)                    0 (  0.00)                   60 (  0.00)
                                        --------                      --------                      --------                      --------
Total                                     578327                      49383682 [5.12%]             914986164 [94.88%]            964369846 [100%]
