Type                                           N      (%)          Record size      (%)             FPI size      (%)        Combined size      (%)
----                                           -      ---          -----------      ---             --------      ---        -------------      ---
Transaction/COMMIT                         18389 (  1.27)               845894 (  0.66)                    0 (  0.00)               845894 (  0.05)
CLOG/ZEROPAGE                                  1 (  0.00)                   30 (  0.00)                    0 (  0.00)                   30 (  0.00)
Standby/RUNNING_XACTS                          1 (  0.00)                   50 (  0.00)                    0 (  0.00)                   50 (  0.00)
Heap2/CLEAN                               251082 ( 17.36)             16797034 ( 13.09)                    0 (  0.00)             16797034 (  0.90)
Heap/INSERT                               115657 (  8.00)             13509403 ( 10.52)                21064 (  0.00)             13530467 (  0.72)
Heap/DELETE                                 7890 (  0.55)               431300 (  0.34)              7709088 (  0.44)              8140388 (  0.44)
Heap/UPDATE                                22623 (  1.56)              2780653 (  2.17)              9175240 (  0.53)             11955893 (  0.64)
Heap/HOT_UPDATE                           723304 ( 50.00)             70459772 ( 54.89)            795466680 ( 45.76)            865926452 ( 46.38)
Heap/LOCK                                  14983 (  1.04)               809082 (  0.63)                    0 (  0.00)               809082 (  0.04)
Heap/INSERT+INIT                            1645 (  0.11)               196906 (  0.15)                    0 (  0.00)               196906 (  0.01)
Heap/UPDATE+INIT                             250 (  0.02)                36062 (  0.03)                    0 (  0.00)                36062 (  0.00)
Btree/INSERT_LEAF                         288423 ( 19.94)             18924250 ( 14.74)            914625124 ( 52.61)            933549374 ( 50.01)
Btree/INSERT_UPPER                          1124 (  0.08)                74590 (  0.06)              4131872 (  0.24)              4206462 (  0.23)
Btree/SPLIT_L                                830 (  0.06)              2985137 (  2.33)              6085200 (  0.35)              9070337 (  0.49)
Btree/SPLIT_R                                294 (  0.02)               505155 (  0.39)              1261288 (  0.07)              1766443 (  0.09)
Btree/DELETE                                   2 (  0.00)                  124 (  0.00)                    0 (  0.00)                  124 (  0.00)
                                        --------                      --------                      --------                      --------
Total                                    1446498                     128355442 [6.88%]            1738475556 [93.12%]           1866830998 [100%]
