Type                                           N      (%)          Record size      (%)             FPI size      (%)        Combined size      (%)
----                                           -      ---          -----------      ---             --------      ---        -------------      ---
Transaction/COMMIT                         18386 (  3.05)               845756 (  1.70)                    0 (  0.00)               845756 (  0.11)
CLOG/ZEROPAGE                                  1 (  0.00)                   30 (  0.00)                    0 (  0.00)                   30 (  0.00)
Standby/RUNNING_XACTS                          1 (  0.00)                   50 (  0.00)                    0 (  0.00)                   50 (  0.00)
Heap2/CLEAN                               102779 ( 17.07)              6228534 ( 12.53)                    0 (  0.00)              6228534 (  0.83)
Heap/INSERT                               115460 ( 19.18)             13490427 ( 27.13)                 8232 (  0.00)             13498659 (  1.79)
Heap/DELETE                                 7860 (  1.31)               426210 (  0.86)              2604024 (  0.37)              3030234 (  0.40)
Heap/UPDATE                                11691 (  1.94)              1212406 (  2.44)              3420020 (  0.49)              4632426 (  0.62)
Heap/HOT_UPDATE                           202050 ( 33.56)             15005607 ( 30.18)            633395700 ( 90.07)            648401307 ( 86.11)
Heap/LOCK                                   3898 (  0.65)               210492 (  0.42)                    0 (  0.00)               210492 (  0.03)
Heap/INSERT+INIT                            1672 (  0.28)               198762 (  0.40)                    0 (  0.00)               198762 (  0.03)
Heap/UPDATE+INIT                              68 (  0.01)                10261 (  0.02)                    0 (  0.00)                10261 (  0.00)
Btree/INSERT_LEAF                         136323 ( 22.64)              9835644 ( 19.78)             58432464 (  8.31)             68268108 (  9.07)
Btree/INSERT_UPPER                           857 (  0.14)                63162 (  0.13)              1385552 (  0.20)              1448714 (  0.19)
Btree/SPLIT_L                                391 (  0.06)              1366648 (  2.75)              2699616 (  0.38)              4066264 (  0.54)
Btree/SPLIT_R                                466 (  0.08)               816532 (  1.64)              1298176 (  0.18)              2114708 (  0.28)
Btree/DELETE                                 155 (  0.03)                14976 (  0.03)                    0 (  0.00)                14976 (  0.00)
                                        --------                      --------                      --------                      --------
Total                                     602058                      49725497 [6.60%]             703243784 [93.40%]            752969281 [100%]
