Type                                           N      (%)          Record size      (%)             FPI size      (%)        Combined size      (%)
----                                           -      ---          -----------      ---             --------      ---        -------------      ---
Transaction/COMMIT                         18416 (  2.42)               626144 (  0.99)                    0 (  0.00)               626144 (  0.18)
Transaction/ABORT                          53351 (  7.02)              1813934 (  2.87)                    0 (  0.00)              1813934 (  0.53)
CLOG/ZEROPAGE                                  2 (  0.00)                   60 (  0.00)                    0 (  0.00)                   60 (  0.00)
Standby/RUNNING_XACTS                          2 (  0.00)                  344 (  0.00)                    0 (  0.00)                  344 (  0.00)
Heap2/CLEAN                               111275 ( 14.65)              6733302 ( 10.67)                    0 (  0.00)              6733302 (  1.97)
Heap/INSERT                               131910 ( 17.37)             15406606 ( 24.41)                16344 (  0.01)             15422950 (  4.51)
Heap/DELETE                                 8230 (  1.08)               444780 (  0.70)               529632 (  0.19)               974412 (  0.28)
Heap/UPDATE                                28054 (  3.69)              3716118 (  5.89)              1275960 (  0.46)              4992078 (  1.46)
Heap/HOT_UPDATE                           211531 ( 27.85)             16995124 ( 26.93)            261016172 ( 93.52)            278011296 ( 81.24)
Heap/LOCK                                  20479 (  2.70)              1105866 (  1.75)                    0 (  0.00)              1105866 (  0.32)
Heap/INSERT+INIT                            1909 (  0.25)               228128 (  0.36)                    0 (  0.00)               228128 (  0.07)
Heap/UPDATE+INIT                             345 (  0.05)                61965 (  0.10)                    0 (  0.00)                61965 (  0.02)
Btree/INSERT_LEAF                         170337 ( 22.42)             12488714 ( 19.79)             12622832 (  4.52)             25111546 (  7.34)
Btree/INSERT_UPPER                          1165 (  0.15)                92152 (  0.15)               267632 (  0.10)               359784 (  0.11)
Btree/SPLIT_L                                401 (  0.05)              1495730 (  2.37)              1681728 (  0.60)              3177458 (  0.93)
Btree/SPLIT_R                                764 (  0.10)              1781606 (  2.82)              1696480 (  0.61)              3478086 (  1.02)
Btree/DELETE                                1434 (  0.19)               123144 (  0.20)                    0 (  0.00)               123144 (  0.04)
                                        --------                      --------                      --------                      --------
Total                                     759605                      63113717 [18.44%]            279106780 [81.56%]            342220497 [100%]
