Type                                           N      (%)          Record size      (%)             FPI size      (%)        Combined size      (%)
----                                           -      ---          -----------      ---             --------      ---        -------------      ---
Transaction/COMMIT                         18389 (  1.02)               845894 (  0.45)                    0 (  0.00)               845894 (  0.03)
CLOG/ZEROPAGE                                  1 (  0.00)                   30 (  0.00)                    0 (  0.00)                   30 (  0.00)
Standby/RUNNING_XACTS                          1 (  0.00)                  162 (  0.00)                    0 (  0.00)                  162 (  0.00)
Heap2/CLEAN                               240446 ( 13.34)             16073438 (  8.49)                    0 (  0.00)             16073438 (  0.58)
Heap/INSERT                               115667 (  6.42)             13511181 (  7.14)                16460 (  0.00)             13527641 (  0.49)
Heap/DELETE                                 7890 (  0.44)               431275 (  0.23)              8540084 (  0.33)              8971359 (  0.32)
Heap/UPDATE                               133288 (  7.40)             45654189 ( 24.11)                18860 (  0.00)             45673049 (  1.65)
Heap/HOT_UPDATE                           607526 ( 33.71)             62662386 ( 33.10)             37874828 (  1.47)            100537214 (  3.63)
Heap/LOCK                                 133089 (  7.38)              7692541 (  4.06)            817892896 ( 31.70)            825585437 ( 29.81)
Heap/INSERT+INIT                            1635 (  0.09)               195127 (  0.10)                    0 (  0.00)               195127 (  0.01)
Heap/UPDATE+INIT                            5363 (  0.30)              2324989 (  1.23)                    0 (  0.00)              2324989 (  0.08)
Btree/INSERT_LEAF                         535799 ( 29.73)             34874534 ( 18.42)           1701671748 ( 65.95)           1736546282 ( 62.70)
Btree/INSERT_UPPER                          1532 (  0.09)               106616 (  0.06)              4169552 (  0.16)              4276168 (  0.15)
Btree/SPLIT_L                                967 (  0.05)              3489479 (  1.84)              7029332 (  0.27)             10518811 (  0.38)
Btree/SPLIT_R                                565 (  0.03)              1478139 (  0.78)              3194540 (  0.12)              4672679 (  0.17)
Btree/DELETE                                   5 (  0.00)                  372 (  0.00)                    0 (  0.00)                  372 (  0.00)
                                        --------                      --------                      --------                      --------
Total                                    1802163                     189340352 [6.84%]            2580408300 [93.16%]           2769748652 [100%]
