Type                                           N      (%)          Record size      (%)             FPI size      (%)        Combined size      (%)
----                                           -      ---          -----------      ---             --------      ---        -------------      ---
Transaction/COMMIT                         18386 (  2.94)               625124 (  1.22)                    0 (  0.00)               625124 (  0.08)
Transaction/ABORT                           6639 (  1.06)               225726 (  0.44)                    0 (  0.00)               225726 (  0.03)
Standby/RUNNING_XACTS                          1 (  0.00)                  178 (  0.00)                    0 (  0.00)                  178 (  0.00)
Heap2/CLEAN                               101827 ( 16.28)              6163730 ( 12.01)                    0 (  0.00)              6163730 (  0.82)
Heap/INSERT                               119533 ( 19.11)             13963270 ( 27.20)                 8232 (  0.00)             13971502 (  1.85)
Heap/DELETE                                 7876 (  1.26)               427074 (  0.83)              2604024 (  0.37)              3031098 (  0.40)
Heap/UPDATE                                13402 (  2.14)              1487969 (  2.90)              3420100 (  0.49)              4908069 (  0.65)
Heap/HOT_UPDATE                           206208 ( 32.97)             15404058 ( 30.01)            633395860 ( 90.06)            648799918 ( 85.98)
Heap/LOCK                                   5625 (  0.90)               303750 (  0.59)                    0 (  0.00)               303750 (  0.04)
Heap/INSERT+INIT                            1734 (  0.28)               207035 (  0.40)                    0 (  0.00)               207035 (  0.03)
Heap/UPDATE+INIT                              98 (  0.02)                15753 (  0.03)                    0 (  0.00)                15753 (  0.00)
Btree/INSERT_LEAF                         141737 ( 22.66)             10220646 ( 19.91)             58506732 (  8.32)             68727378 (  9.11)
Btree/INSERT_UPPER                           855 (  0.14)                63058 (  0.12)              1385480 (  0.20)              1448538 (  0.19)
Btree/SPLIT_L                                392 (  0.06)              1370233 (  2.67)              2692240 (  0.38)              4062473 (  0.54)
Btree/SPLIT_R                                464 (  0.07)               812270 (  1.58)              1283424 (  0.18)              2095694 (  0.28)
Btree/DELETE                                 630 (  0.10)                48145 (  0.09)                    0 (  0.00)                48145 (  0.01)
Btree/NEWROOT                                  1 (  0.00)                  126 (  0.00)                    0 (  0.00)                  126 (  0.00)
                                        --------                      --------                      --------                      --------
Total                                     625408                      51338145 [6.80%]             703296092 [93.20%]            754634237 [100%]
