Type                                           N      (%)          Record size      (%)             FPI size      (%)        Combined size      (%)
----                                           -      ---          -----------      ---             --------      ---        -------------      ---
Transaction/COMMIT                         18412 (  1.34)               846952 (  0.67)                    0 (  0.00)               846952 (  0.11)
CLOG/ZEROPAGE                                  1 (  0.00)                   30 (  0.00)                    0 (  0.00)                   30 (  0.00)
Standby/RUNNING_XACTS                          2 (  0.00)                  148 (  0.00)                    0 (  0.00)                  148 (  0.00)
Heap2/CLEAN                               207946 ( 15.09)             14548748 ( 11.50)                    0 (  0.00)             14548748 (  1.88)
Heap/INSERT                               114677 (  8.32)             13395377 ( 10.59)                11640 (  0.00)             13407017 (  1.73)
Heap/DELETE                                 8040 (  0.58)               434805 (  0.34)               948924 (  0.15)              1383729 (  0.18)
Heap/UPDATE                                19451 (  1.41)              2322754 (  1.84)              1873976 (  0.29)              4196730 (  0.54)
Heap/HOT_UPDATE                           713449 ( 51.78)             70291425 ( 55.59)            416968320 ( 64.37)            487259745 ( 62.93)
Heap/LOCK                                  11727 (  0.85)               633258 (  0.50)                    0 (  0.00)               633258 (  0.08)
Heap/INSERT+INIT                            1660 (  0.12)               197717 (  0.16)                    0 (  0.00)               197717 (  0.03)
Heap/UPDATE+INIT                             220 (  0.02)                32612 (  0.03)                    0 (  0.00)                32612 (  0.00)
Btree/INSERT_LEAF                         279932 ( 20.32)             21285479 ( 16.83)            223988452 ( 34.58)            245273931 ( 31.68)
Btree/INSERT_UPPER                           930 (  0.07)                72266 (  0.06)               493920 (  0.08)               566186 (  0.07)
Btree/SPLIT_L                                315 (  0.02)              1120779 (  0.89)              1807100 (  0.28)              2927879 (  0.38)
Btree/SPLIT_R                                615 (  0.04)              1242706 (  0.98)              1711212 (  0.26)              2953918 (  0.38)
Btree/DELETE                                 354 (  0.03)                31666 (  0.03)                    0 (  0.00)                31666 (  0.00)
                                        --------                      --------                      --------                      --------
Total                                    1377731                     126456722 [16.33%]            647803544 [83.67%]            774260266 [100%]
