Type                                           N      (%)          Record size      (%)             FPI size      (%)        Combined size      (%)
----                                           -      ---          -----------      ---             --------      ---        -------------      ---
Transaction/COMMIT                         18389 (  1.28)               845894 (  0.66)                    0 (  0.00)               845894 (  0.05)
CLOG/ZEROPAGE                                  1 (  0.00)                   30 (  0.00)                    0 (  0.00)                   30 (  0.00)
Standby/RUNNING_XACTS                          1 (  0.00)                  110 (  0.00)                    0 (  0.00)                  110 (  0.00)
Heap2/CLEAN                               233552 ( 16.30)             15788746 ( 12.36)                    0 (  0.00)             15788746 (  0.84)
Heap/INSERT                               115623 (  8.07)             13505589 ( 10.57)                21064 (  0.00)             13526653 (  0.72)
Heap/DELETE                                 7890 (  0.55)               431300 (  0.34)              7709088 (  0.44)              8140388 (  0.44)
Heap/UPDATE                                23734 (  1.66)              2931717 (  2.30)              9183676 (  0.53)             12115393 (  0.65)
Heap/HOT_UPDATE                           722165 ( 50.41)             70352677 ( 55.08)            795464792 ( 45.70)            865817469 ( 46.34)
Heap/LOCK                                  16122 (  1.13)               870588 (  0.68)                    0 (  0.00)               870588 (  0.05)
Heap/INSERT+INIT                            1679 (  0.12)               200720 (  0.16)                    0 (  0.00)               200720 (  0.01)
Heap/UPDATE+INIT                             278 (  0.02)                40061 (  0.03)                    0 (  0.00)                40061 (  0.00)
Btree/INSERT_LEAF                         290829 ( 20.30)             19093480 ( 14.95)            916746000 ( 52.66)            935839480 ( 50.08)
Btree/INSERT_UPPER                          1159 (  0.08)                77304 (  0.06)              4132928 (  0.24)              4210232 (  0.23)
Btree/SPLIT_L                                838 (  0.06)              3007921 (  2.35)              6144228 (  0.35)              9152149 (  0.49)
Btree/SPLIT_R                                321 (  0.02)               590579 (  0.46)              1364532 (  0.08)              1955111 (  0.10)
Btree/DELETE                                   4 (  0.00)                  276 (  0.00)                    0 (  0.00)                  276 (  0.00)
                                        --------                      --------                      --------                      --------
Total                                    1432585                     127736992 [6.84%]            1740766308 [93.16%]           1868503300 [100%]
