Type                                           N      (%)          Record size      (%)             FPI size      (%)        Combined size      (%)
----                                           -      ---          -----------      ---             --------      ---        -------------      ---
Transaction/COMMIT                         18389 (  3.18)               625226 (  1.26)                    0 (  0.00)               625226 (  0.06)
Transaction/ABORT                           1250 (  0.22)                42500 (  0.09)                    0 (  0.00)                42500 (  0.00)
Heap2/CLEAN                                56942 (  9.85)              3570530 (  7.22)                    0 (  0.00)              3570530 (  0.37)
Heap/INSERT                               116131 ( 20.09)             13564098 ( 27.41)                21064 (  0.00)             13585162 (  1.41)
Heap/DELETE                                 7890 (  1.37)               431300 (  0.87)              7709088 (  0.84)              8140388 (  0.84)
Heap/UPDATE                                21288 (  3.68)              2638962 (  5.33)              9173916 (  1.00)             11812878 (  1.22)
Heap/HOT_UPDATE                           191898 ( 33.20)             13822501 ( 27.94)            760128256 ( 83.03)            773950757 ( 80.21)
Heap/LOCK                                  13647 (  2.36)               736938 (  1.49)                    0 (  0.00)               736938 (  0.08)
Heap/INSERT+INIT                            1648 (  0.29)               197233 (  0.40)                    0 (  0.00)               197233 (  0.02)
Heap/UPDATE+INIT                             249 (  0.04)                45607 (  0.09)                    0 (  0.00)                45607 (  0.00)
Btree/INSERT_LEAF                         146438 ( 25.34)             10297889 ( 20.81)            127031596 ( 13.88)            137329485 ( 14.23)
Btree/INSERT_UPPER                          1110 (  0.19)                73573 (  0.15)              4105188 (  0.45)              4178761 (  0.43)
Btree/SPLIT_L                                827 (  0.14)              2968943 (  6.00)              6085200 (  0.66)              9054143 (  0.94)
Btree/SPLIT_R                                283 (  0.05)               463038 (  0.94)              1209664 (  0.13)              1672702 (  0.17)
Btree/DELETE                                  14 (  0.00)                  964 (  0.00)                    0 (  0.00)                  964 (  0.00)
                                        --------                      --------                      --------                      --------
Total                                     578004                      49479302 [5.13%]             915463972 [94.87%]            964943274 [100%]
