Type                                           N      (%)          Record size      (%)             FPI size      (%)        Combined size      (%)
----                                           -      ---          -----------      ---             --------      ---        -------------      ---
Transaction/COMMIT                         18389 (  3.18)               845894 (  1.71)                    0 (  0.00)               845894 (  0.09)
CLOG/ZEROPAGE                                  1 (  0.00)                   30 (  0.00)                    0 (  0.00)                   30 (  0.00)
Standby/RUNNING_XACTS                          3 (  0.00)                  298 (  0.00)                    0 (  0.00)                  298 (  0.00)
Heap2/CLEAN                                60268 ( 10.44)              3752274 (  7.57)                    0 (  0.00)              3752274 (  0.39)
Heap/INSERT                               115686 ( 20.04)             13512943 ( 27.26)                21064 (  0.00)             13534007 (  1.40)
Heap/DELETE                                 7890 (  1.37)               431300 (  0.87)              7709088 (  0.84)              8140388 (  0.84)
Heap/UPDATE                                20889 (  3.62)              2554767 (  5.15)              9169420 (  1.00)             11724187 (  1.22)
Heap/HOT_UPDATE                           191288 ( 33.13)             13767168 ( 27.78)            760129824 ( 83.08)            773896992 ( 80.23)
Heap/LOCK                                  13212 (  2.29)               713448 (  1.44)                    0 (  0.00)               713448 (  0.07)
Heap/INSERT+INIT                            1616 (  0.28)               193366 (  0.39)                    0 (  0.00)               193366 (  0.02)
Heap/UPDATE+INIT                             213 (  0.04)                31551 (  0.06)                    0 (  0.00)                31551 (  0.00)
Btree/INSERT_LEAF                         145703 ( 25.24)             10247849 ( 20.68)            126556696 ( 13.83)            136804545 ( 14.18)
Btree/INSERT_UPPER                          1109 (  0.19)                73525 (  0.15)              4105164 (  0.45)              4178689 (  0.43)
Btree/SPLIT_L                                824 (  0.14)              2969307 (  5.99)              6070448 (  0.66)              9039755 (  0.94)
Btree/SPLIT_R                                285 (  0.05)               470183 (  0.95)              1217040 (  0.13)              1687223 (  0.17)
                                        --------                      --------                      --------                      --------
Total                                     577376                      49563903 [5.14%]             914978744 [94.86%]            964542647 [100%]
