Type                                           N      (%)          Record size      (%)             FPI size      (%)        Combined size      (%)
----                                           -      ---          -----------      ---             --------      ---        -------------      ---
Transaction/COMMIT                         18386 (  2.94)               625124 (  1.22)                    0 (  0.00)               625124 (  0.08)
Transaction/ABORT                           7265 (  1.16)               247010 (  0.48)                    0 (  0.00)               247010 (  0.03)
Heap2/CLEAN                                99934 ( 16.00)              6058436 ( 11.80)                    0 (  0.00)              6058436 (  0.80)
Heap/INSERT                               119037 ( 19.06)             13901790 ( 27.07)                 8232 (  0.00)             13910022 (  1.84)
Heap/DELETE                                 7889 (  1.26)               427776 (  0.83)              2604024 (  0.37)              3031800 (  0.40)
Heap/UPDATE                                14022 (  2.25)              1587524 (  3.09)              3423536 (  0.49)              5011060 (  0.66)
Heap/HOT_UPDATE                           206194 ( 33.02)             15427412 ( 30.04)            633392544 ( 90.03)            648819956 ( 85.94)
Heap/LOCK                                   6255 (  1.00)               337770 (  0.66)                    0 (  0.00)               337770 (  0.04)
Heap/INSERT+INIT                            1685 (  0.27)               201441 (  0.39)                    0 (  0.00)               201441 (  0.03)
Heap/UPDATE+INIT                             119 (  0.02)                19674 (  0.04)                    0 (  0.00)                19674 (  0.00)
Btree/INSERT_LEAF                         141312 ( 22.63)             10185494 ( 19.83)             58684776 (  8.34)             68870270 (  9.12)
Btree/INSERT_UPPER                           869 (  0.14)                64130 (  0.12)              1385528 (  0.20)              1449658 (  0.19)
Btree/SPLIT_L                                393 (  0.06)              1375247 (  2.68)              2692240 (  0.38)              4067487 (  0.54)
Btree/SPLIT_R                                477 (  0.08)               858989 (  1.67)              1379312 (  0.20)              2238301 (  0.30)
Btree/DELETE                                 560 (  0.09)                44169 (  0.09)                    0 (  0.00)                44169 (  0.01)
Btree/NEWROOT                                  1 (  0.00)                  126 (  0.00)                    0 (  0.00)                  126 (  0.00)
                                        --------                      --------                      --------                      --------
Total                                     624398                      51362112 [6.80%]             703570192 [93.20%]            754932304 [100%]
