Type                                           N      (%)          Record size      (%)             FPI size      (%)        Combined size      (%)
----                                           -      ---          -----------      ---             --------      ---        -------------      ---
Transaction/COMMIT                         18416 (  1.32)               847136 (  0.64)                    0 (  0.00)               847136 (  0.16)
CLOG/ZEROPAGE                                  1 (  0.00)                   30 (  0.00)                    0 (  0.00)                   30 (  0.00)
Standby/RUNNING_XACTS                          2 (  0.00)                  112 (  0.00)                    0 (  0.00)                  112 (  0.00)
Heap2/CLEAN                               203033 ( 14.53)             14216046 ( 10.81)                    0 (  0.00)             14216046 (  2.77)
Heap/INSERT                               114701 (  8.21)             13397093 ( 10.18)                16344 (  0.00)             13413437 (  2.61)
Heap/DELETE                                 8010 (  0.57)               432900 (  0.33)               529632 (  0.14)               962532 (  0.19)
Heap/UPDATE                                26357 (  1.89)              3372632 (  2.56)              1287204 (  0.34)              4659836 (  0.91)
Heap/HOT_UPDATE                           709380 ( 50.76)             70488074 ( 53.58)            262544116 ( 68.72)            333032190 ( 64.84)
Heap/LOCK                                  19049 (  1.36)              1028646 (  0.78)                    0 (  0.00)              1028646 (  0.20)
Heap/INSERT+INIT                            1662 (  0.12)               198207 (  0.15)                    0 (  0.00)               198207 (  0.04)
Heap/UPDATE+INIT                             356 (  0.03)                54773 (  0.04)                    0 (  0.00)                54773 (  0.01)
Btree/INSERT_LEAF                         293311 ( 20.99)             22861559 ( 17.38)            113936772 ( 29.82)            136798331 ( 26.64)
Btree/INSERT_UPPER                          1488 (  0.11)               117266 (  0.09)               443048 (  0.12)               560314 (  0.11)
Btree/SPLIT_L                                547 (  0.04)              2033210 (  1.55)              1770200 (  0.46)              3803410 (  0.74)
Btree/SPLIT_R                                942 (  0.07)              2470621 (  1.88)              1512064 (  0.40)              3982685 (  0.78)
Btree/DELETE                                 318 (  0.02)                26786 (  0.02)                    0 (  0.00)                26786 (  0.01)
                                        --------                      --------                      --------                      --------
Total                                    1397573                     131545091 [25.61%]            382039380 [74.39%]            513584471 [100%]
