Type                                           N      (%)          Record size      (%)             FPI size      (%)        Combined size      (%)
----                                           -      ---          -----------      ---             --------      ---        -------------      ---
Transaction/COMMIT                         18389 (  1.27)               845894 (  0.66)                    0 (  0.00)               845894 (  0.05)
CLOG/ZEROPAGE                                  1 (  0.00)                   30 (  0.00)                    0 (  0.00)                   30 (  0.00)
Standby/RUNNING_XACTS                          1 (  0.00)                   50 (  0.00)                    0 (  0.00)                   50 (  0.00)
Heap2/CLEAN                               251778 ( 17.40)             16843716 ( 13.12)                    0 (  0.00)             16843716 (  0.90)
Heap/INSERT                               115663 (  7.99)             13510465 ( 10.52)                21064 (  0.00)             13531529 (  0.72)
Heap/DELETE                                 7890 (  0.55)               431300 (  0.34)              7709088 (  0.44)              8140388 (  0.44)
Heap/UPDATE                                22624 (  1.56)              2780236 (  2.17)              9177104 (  0.53)             11957340 (  0.64)
Heap/HOT_UPDATE                           723294 ( 49.98)             70458953 ( 54.87)            795464792 ( 45.76)            865923745 ( 46.38)
Heap/LOCK                                  14993 (  1.04)               809622 (  0.63)                    0 (  0.00)               809622 (  0.04)
Heap/INSERT+INIT                            1639 (  0.11)               195844 (  0.15)                    0 (  0.00)               195844 (  0.01)
Heap/UPDATE+INIT                             259 (  0.02)                37469 (  0.03)                    0 (  0.00)                37469 (  0.00)
Btree/INSERT_LEAF                         288442 ( 19.93)             18925704 ( 14.74)            914610276 ( 52.61)            933535980 ( 50.01)
Btree/INSERT_UPPER                          1123 (  0.08)                74502 (  0.06)              4131872 (  0.24)              4206374 (  0.23)
Btree/SPLIT_L                                831 (  0.06)              2991879 (  2.33)              6085200 (  0.35)              9077079 (  0.49)
Btree/SPLIT_R                                292 (  0.02)               500335 (  0.39)              1261288 (  0.07)              1761623 (  0.09)
Btree/DELETE                                   2 (  0.00)                  124 (  0.00)                    0 (  0.00)                  124 (  0.00)
                                        --------                      --------                      --------                      --------
Total                                    1447221                     128406123 [6.88%]            1738460684 [93.12%]           1866866807 [100%]
