Type                                           N      (%)          Record size      (%)             FPI size      (%)        Combined size      (%)
----                                           -      ---          -----------      ---             --------      ---        -------------      ---
Transaction/COMMIT                         18389 (  3.21)               845894 (  1.71)                    0 (  0.00)               845894 (  0.09)
CLOG/ZEROPAGE                                  1 (  0.00)                   30 (  0.00)                    0 (  0.00)                   30 (  0.00)
Heap2/CLEAN                                52643 (  9.19)              3314168 (  6.70)                    0 (  0.00)              3314168 (  0.34)
Heap/INSERT                               115548 ( 20.18)             13497635 ( 27.27)                21064 (  0.00)             13518699 (  1.40)
Heap/DELETE                                 7890 (  1.38)               431300 (  0.87)              7709088 (  0.84)              8140388 (  0.84)
Heap/UPDATE                                22323 (  3.90)              2769494 (  5.60)              9173916 (  1.00)             11943410 (  1.24)
Heap/HOT_UPDATE                           189843 ( 33.15)             13650213 ( 27.58)            760127952 ( 83.06)            773778165 ( 80.21)
Heap/LOCK                                  14656 (  2.56)               791424 (  1.60)                    0 (  0.00)               791424 (  0.08)
Heap/INSERT+INIT                            1754 (  0.31)               208674 (  0.42)                    0 (  0.00)               208674 (  0.02)
Heap/UPDATE+INIT                             224 (  0.04)                34056 (  0.07)                    0 (  0.00)                34056 (  0.00)
Btree/INSERT_LEAF                         147120 ( 25.69)             10348516 ( 20.91)            126549384 ( 13.83)            136897900 ( 14.19)
Btree/INSERT_UPPER                          1139 (  0.20)                75909 (  0.15)              4105180 (  0.45)              4181089 (  0.43)
Btree/SPLIT_L                                833 (  0.15)              2987790 (  6.04)              6136832 (  0.67)              9124622 (  0.95)
Btree/SPLIT_R                                306 (  0.05)               543012 (  1.10)              1357184 (  0.15)              1900196 (  0.20)
Btree/DELETE                                   3 (  0.00)                  236 (  0.00)                    0 (  0.00)                  236 (  0.00)
                                        --------                      --------                      --------                      --------
Total                                     572672                      49498351 [5.13%]             915180600 [94.87%]            964678951 [100%]
