Type                                           N      (%)          Record size      (%)             FPI size      (%)        Combined size      (%)
----                                           -      ---          -----------      ---             --------      ---        -------------      ---
Transaction/COMMIT                         18389 (  1.28)               845894 (  0.66)                    0 (  0.00)               845894 (  0.05)
CLOG/ZEROPAGE                                  1 (  0.00)                   30 (  0.00)                    0 (  0.00)                   30 (  0.00)
Heap2/CLEAN                               233013 ( 16.27)             15753756 ( 12.34)                    0 (  0.00)             15753756 (  0.84)
Heap/INSERT                               115617 (  8.07)             13504843 ( 10.57)                21064 (  0.00)             13525907 (  0.72)
Heap/DELETE                                 7890 (  0.55)               431300 (  0.34)              7709088 (  0.44)              8140388 (  0.44)
Heap/UPDATE                                23741 (  1.66)              2932501 (  2.30)              9183676 (  0.53)             12116177 (  0.65)
Heap/HOT_UPDATE                           722157 ( 50.43)             70352081 ( 55.09)            795464792 ( 45.70)            865816873 ( 46.34)
Heap/LOCK                                  16130 (  1.13)               871020 (  0.68)                    0 (  0.00)               871020 (  0.05)
Heap/INSERT+INIT                            1685 (  0.12)               201466 (  0.16)                    0 (  0.00)               201466 (  0.01)
Heap/UPDATE+INIT                             279 (  0.02)                40320 (  0.03)                    0 (  0.00)                40320 (  0.00)
Btree/INSERT_LEAF                         290860 ( 20.31)             19095497 ( 14.95)            916782788 ( 52.66)            935878285 ( 50.09)
Btree/INSERT_UPPER                          1157 (  0.08)                77128 (  0.06)              4132984 (  0.24)              4210112 (  0.23)
Btree/SPLIT_L                                837 (  0.06)              3010180 (  2.36)              6122076 (  0.35)              9132256 (  0.49)
Btree/SPLIT_R                                320 (  0.02)               590609 (  0.46)              1394796 (  0.08)              1985405 (  0.11)
Btree/DELETE                                   4 (  0.00)                  276 (  0.00)                    0 (  0.00)                  276 (  0.00)
                                        --------                      --------                      --------                      --------
Total                                    1432080                     127706901 [6.83%]            1740811264 [93.17%]           1868518165 [100%]
