Type                                           N      (%)          Record size      (%)             FPI size      (%)        Combined size      (%)
----                                           -      ---          -----------      ---             --------      ---        -------------      ---
Transaction/COMMIT                         18389 (  3.22)               845894 (  1.71)                    0 (  0.00)               845894 (  0.09)
CLOG/ZEROPAGE                                  1 (  0.00)                   30 (  0.00)                    0 (  0.00)                   30 (  0.00)
Standby/RUNNING_XACTS                          2 (  0.00)                  108 (  0.00)                    0 (  0.00)                  108 (  0.00)
Heap2/CLEAN                                51644 (  9.03)              3261894 (  6.60)                    0 (  0.00)              3261894 (  0.34)
Heap/INSERT                               115541 ( 20.21)             13497457 ( 27.29)                21064 (  0.00)             13518521 (  1.40)
Heap/DELETE                                 7890 (  1.38)               431300 (  0.87)              7709088 (  0.84)              8140388 (  0.84)
Heap/UPDATE                                22347 (  3.91)              2773830 (  5.61)              9173916 (  1.00)             11947746 (  1.24)
Heap/HOT_UPDATE                           189819 ( 33.20)             13648382 ( 27.60)            760127952 ( 83.06)            773776334 ( 80.21)
Heap/LOCK                                  14681 (  2.57)               792774 (  1.60)                    0 (  0.00)               792774 (  0.08)
Heap/INSERT+INIT                            1761 (  0.31)               208852 (  0.42)                    0 (  0.00)               208852 (  0.02)
Heap/UPDATE+INIT                             224 (  0.04)                33648 (  0.07)                    0 (  0.00)                33648 (  0.00)
Btree/INSERT_LEAF                         147147 ( 25.74)             10350348 ( 20.93)            126549384 ( 13.83)            136899732 ( 14.19)
Btree/INSERT_UPPER                          1136 (  0.20)                75650 (  0.15)              4105308 (  0.45)              4180958 (  0.43)
Btree/SPLIT_L                                830 (  0.15)              2988016 (  6.04)              6107328 (  0.67)              9095344 (  0.94)
Btree/SPLIT_R                                306 (  0.05)               548704 (  1.11)              1386688 (  0.15)              1935392 (  0.20)
Btree/DELETE                                   7 (  0.00)                  462 (  0.00)                    0 (  0.00)                  462 (  0.00)
                                        --------                      --------                      --------                      --------
Total                                     571725                      49457349 [5.13%]             915180728 [94.87%]            964638077 [100%]
