Type                                           N      (%)          Record size      (%)             FPI size      (%)        Combined size      (%)
----                                           -      ---          -----------      ---             --------      ---        -------------      ---
Transaction/COMMIT                         18389 (  3.21)               845894 (  1.71)                    0 (  0.00)               845894 (  0.09)
CLOG/ZEROPAGE                                  1 (  0.00)                   30 (  0.00)                    0 (  0.00)                   30 (  0.00)
Standby/RUNNING_XACTS                          1 (  0.00)                  250 (  0.00)                    0 (  0.00)                  250 (  0.00)
Heap2/CLEAN                                52116 (  9.11)              3287208 (  6.64)                    0 (  0.00)              3287208 (  0.34)
Heap/INSERT                               115527 ( 20.19)             13495670 ( 27.28)                21064 (  0.00)             13516734 (  1.40)
Heap/DELETE                                 7890 (  1.38)               431300 (  0.87)              7709088 (  0.84)              8140388 (  0.84)
Heap/UPDATE                                22306 (  3.90)              2767529 (  5.59)              9173916 (  1.00)             11941445 (  1.24)
Heap/HOT_UPDATE                           189877 ( 33.19)             13653101 ( 27.60)            760127952 ( 83.06)            773781053 ( 80.21)
Heap/LOCK                                  14623 (  2.56)               789642 (  1.60)                    0 (  0.00)               789642 (  0.08)
Heap/INSERT+INIT                            1775 (  0.31)               210639 (  0.43)                    0 (  0.00)               210639 (  0.02)
Heap/UPDATE+INIT                             207 (  0.04)                31214 (  0.06)                    0 (  0.00)                31214 (  0.00)
Btree/INSERT_LEAF                         147088 ( 25.71)             10346140 ( 20.91)            126549384 ( 13.83)            136895524 ( 14.19)
Btree/INSERT_UPPER                          1137 (  0.20)                75773 (  0.15)              4105196 (  0.45)              4180969 (  0.43)
Btree/SPLIT_L                                828 (  0.14)              2981935 (  6.03)              6099952 (  0.67)              9081887 (  0.94)
Btree/SPLIT_R                                309 (  0.05)               556487 (  1.12)              1394064 (  0.15)              1950551 (  0.20)
Btree/DELETE                                   3 (  0.00)                  230 (  0.00)                    0 (  0.00)                  230 (  0.00)
                                        --------                      --------                      --------                      --------
Total                                     572077                      49473042 [5.13%]             915180616 [94.87%]            964653658 [100%]
