Type                                           N      (%)          Record size      (%)             FPI size      (%)        Combined size      (%)
----                                           -      ---          -----------      ---             --------      ---        -------------      ---
Transaction/COMMIT                         18416 (  2.88)               847136 (  1.54)                    0 (  0.00)               847136 (  0.25)
CLOG/ZEROPAGE                                  1 (  0.00)                   30 (  0.00)                    0 (  0.00)                   30 (  0.00)
Standby/RUNNING_XACTS                          1 (  0.00)                   70 (  0.00)                    0 (  0.00)                   70 (  0.00)
Heap2/CLEAN                               107754 ( 16.88)              6549144 ( 11.93)                    0 (  0.00)              6549144 (  1.97)
Heap/INSERT                               114733 ( 17.97)             13400669 ( 24.41)                16344 (  0.01)             13417013 (  4.03)
Heap/DELETE                                 8010 (  1.25)               432900 (  0.79)               529632 (  0.19)               962532 (  0.29)
Heap/UPDATE                                25023 (  3.92)              3198518 (  5.83)              1270064 (  0.46)              4468582 (  1.34)
Heap/HOT_UPDATE                           193561 ( 30.31)             15417713 ( 28.09)            261023124 ( 93.98)            276440837 ( 83.11)
Heap/LOCK                                  17668 (  2.77)               954072 (  1.74)                    0 (  0.00)               954072 (  0.29)
Heap/INSERT+INIT                            1630 (  0.26)               194631 (  0.35)                    0 (  0.00)               194631 (  0.06)
Heap/UPDATE+INIT                             312 (  0.05)                49320 (  0.09)                    0 (  0.00)                49320 (  0.01)
Btree/INSERT_LEAF                         149056 ( 23.34)             10952299 ( 19.95)             11420176 (  4.11)             22372475 (  6.73)
Btree/INSERT_UPPER                          1032 (  0.16)                81512 (  0.15)               267616 (  0.10)               349128 (  0.10)
Btree/SPLIT_L                                340 (  0.05)              1253522 (  2.28)              1725984 (  0.62)              2979506 (  0.90)
Btree/SPLIT_R                                692 (  0.11)              1533178 (  2.79)              1489952 (  0.54)              3023130 (  0.91)
Btree/DELETE                                 301 (  0.05)                25218 (  0.05)                    0 (  0.00)                25218 (  0.01)
                                        --------                      --------                      --------                      --------
Total                                     638530                      54889932 [16.50%]            277742892 [83.50%]            332632824 [100%]
