Type                                           N      (%)          Record size      (%)             FPI size      (%)        Combined size      (%)
----                                           -      ---          -----------      ---             --------      ---        -------------      ---
Transaction/COMMIT                         18389 (  3.09)               625226 (  1.22)                    0 (  0.00)               625226 (  0.06)
Transaction/ABORT                           4972 (  0.83)               169048 (  0.33)                    0 (  0.00)               169048 (  0.02)
Heap2/CLEAN                                52270 (  8.77)              3297440 (  6.44)                    0 (  0.00)              3297440 (  0.34)
Heap/INSERT                               119776 ( 20.09)             13984394 ( 27.30)                21064 (  0.00)             14005458 (  1.45)
Heap/DELETE                                 7898 (  1.33)               431732 (  0.84)              7709088 (  0.84)              8140820 (  0.84)
Heap/UPDATE                                24105 (  4.04)              3072337 (  6.00)              9173996 (  1.00)             12246333 (  1.27)
Heap/HOT_UPDATE                           195494 ( 32.80)             14203351 ( 27.73)            760126280 ( 83.04)            774329631 ( 80.11)
Heap/LOCK                                  16482 (  2.77)               890028 (  1.74)                    0 (  0.00)               890028 (  0.09)
Heap/INSERT+INIT                            1812 (  0.30)               214912 (  0.42)                    0 (  0.00)               214912 (  0.02)
Heap/UPDATE+INIT                             270 (  0.05)                41483 (  0.08)                    0 (  0.00)                41483 (  0.00)
Btree/INSERT_LEAF                         152019 ( 25.50)             10689056 ( 20.87)            126757080 ( 13.85)            137446136 ( 14.22)
Btree/INSERT_UPPER                          1137 (  0.19)                75650 (  0.15)              4105332 (  0.45)              4180982 (  0.43)
Btree/SPLIT_L                                838 (  0.14)              2990923 (  5.84)              6158960 (  0.67)              9149883 (  0.95)
Btree/SPLIT_R                                299 (  0.05)               514282 (  1.00)              1298176 (  0.14)              1812458 (  0.19)
Btree/DELETE                                 301 (  0.05)                22745 (  0.04)                    0 (  0.00)                22745 (  0.00)
                                        --------                      --------                      --------                      --------
Total                                     596062                      51222607 [5.30%]             915349976 [94.70%]            966572583 [100%]
