Type                                           N      (%)          Record size      (%)             FPI size      (%)        Combined size      (%)
----                                           -      ---          -----------      ---             --------      ---        -------------      ---
Transaction/COMMIT                         18438 (  3.03)               848148 (  1.67)                    0 (  0.00)               848148 (  0.13)
CLOG/ZEROPAGE                                  1 (  0.00)                   30 (  0.00)                    0 (  0.00)                   30 (  0.00)
Standby/RUNNING_XACTS                          1 (  0.00)                   50 (  0.00)                    0 (  0.00)                   50 (  0.00)
Heap2/CLEAN                               103665 ( 17.03)              6309120 ( 12.41)                    0 (  0.00)              6309120 (  0.95)
Heap/INSERT                               114891 ( 18.87)             13419420 ( 26.40)                 6756 (  0.00)             13426176 (  2.01)
Heap/DELETE                                 8110 (  1.33)               439200 (  0.86)              1853712 (  0.30)              2292912 (  0.34)
Heap/UPDATE                                13660 (  2.24)              1490613 (  2.93)              2649840 (  0.43)              4140453 (  0.62)
Heap/HOT_UPDATE                           202675 ( 33.29)             15238617 ( 29.98)            563617956 ( 91.55)            578856573 ( 86.85)
Heap/LOCK                                   5651 (  0.93)               305154 (  0.60)                    0 (  0.00)               305154 (  0.05)
Heap/INSERT+INIT                            1642 (  0.27)               195987 (  0.39)                    0 (  0.00)               195987 (  0.03)
Heap/UPDATE+INIT                             101 (  0.02)                15729 (  0.03)                    0 (  0.00)                15729 (  0.00)
Btree/INSERT_LEAF                         137848 ( 22.64)             10019424 ( 19.71)             42033716 (  6.83)             52053140 (  7.81)
Btree/INSERT_UPPER                           932 (  0.15)                70876 (  0.14)               939104 (  0.15)              1009980 (  0.15)
Btree/SPLIT_L                                367 (  0.06)              1304097 (  2.57)              2559472 (  0.42)              3863569 (  0.58)
Btree/SPLIT_R                                565 (  0.09)              1143452 (  2.25)              1991520 (  0.32)              3134972 (  0.47)
Btree/DELETE                                 233 (  0.04)                22900 (  0.05)                    0 (  0.00)                22900 (  0.00)
                                        --------                      --------                      --------                      --------
Total                                     608780                      50822817 [7.63%]             615652076 [92.37%]            666474893 [100%]
