Type                                           N      (%)          Record size      (%)             FPI size      (%)        Combined size      (%)
----                                           -      ---          -----------      ---             --------      ---        -------------      ---
Transaction/COMMIT                         18389 (  3.18)               845894 (  1.71)                    0 (  0.00)               845894 (  0.09)
CLOG/ZEROPAGE                                  1 (  0.00)                   30 (  0.00)                    0 (  0.00)                   30 (  0.00)
Standby/RUNNING_XACTS                          2 (  0.00)                  148 (  0.00)                    0 (  0.00)                  148 (  0.00)
Heap2/CLEAN                                60361 ( 10.45)              3757670 (  7.58)                    0 (  0.00)              3757670 (  0.39)
Heap/INSERT                               115693 ( 20.04)             13513828 ( 27.27)                21064 (  0.00)             13534892 (  1.40)
Heap/DELETE                                 7890 (  1.37)               431300 (  0.87)              7709088 (  0.84)              8140388 (  0.84)
Heap/UPDATE                                20845 (  3.61)              2548210 (  5.14)              9169420 (  1.00)             11717630 (  1.21)
Heap/HOT_UPDATE                           191324 ( 33.14)             13770095 ( 27.79)            760129824 ( 83.08)            773899919 ( 80.23)
Heap/LOCK                                  13176 (  2.28)               711504 (  1.44)                    0 (  0.00)               711504 (  0.07)
Heap/INSERT+INIT                            1609 (  0.28)               192481 (  0.39)                    0 (  0.00)               192481 (  0.02)
Heap/UPDATE+INIT                             221 (  0.04)                32708 (  0.07)                    0 (  0.00)                32708 (  0.00)
Btree/INSERT_LEAF                         145666 ( 25.23)             10245190 ( 20.67)            126564100 ( 13.83)            136809290 ( 14.18)
Btree/INSERT_UPPER                          1110 (  0.19)                73589 (  0.15)              4105180 (  0.45)              4178769 (  0.43)
Btree/SPLIT_L                                825 (  0.14)              2968902 (  5.99)              6077824 (  0.66)              9046726 (  0.94)
Btree/SPLIT_R                                285 (  0.05)               464554 (  0.94)              1209664 (  0.13)              1674218 (  0.17)
                                        --------                      --------                      --------                      --------
Total                                     577397                      49556103 [5.14%]             914986164 [94.86%]            964542267 [100%]
