Type                                           N      (%)          Record size      (%)             FPI size      (%)        Combined size      (%)
----                                           -      ---          -----------      ---             --------      ---        -------------      ---
Transaction/COMMIT                         18389 (  3.17)               625226 (  1.26)                    0 (  0.00)               625226 (  0.06)
Transaction/ABORT                           1760 (  0.30)                59840 (  0.12)                    0 (  0.00)                59840 (  0.01)
Standby/RUNNING_XACTS                          1 (  0.00)                   78 (  0.00)                    0 (  0.00)                   78 (  0.00)
Heap2/CLEAN                                56128 (  9.68)              3524390 (  7.09)                    0 (  0.00)              3524390 (  0.37)
Heap/INSERT                               116430 ( 20.08)             13598525 ( 27.36)                21064 (  0.00)             13619589 (  1.41)
Heap/DELETE                                 7890 (  1.36)               431300 (  0.87)              7709088 (  0.84)              8140388 (  0.84)
Heap/UPDATE                                21885 (  3.77)              2714783 (  5.46)              9179084 (  1.00)             11893867 (  1.23)
Heap/HOT_UPDATE                           191975 ( 33.10)             13848521 ( 27.86)            760123144 ( 83.06)            773971665 ( 80.21)
Heap/LOCK                                  14208 (  2.45)               767232 (  1.54)                    0 (  0.00)               767232 (  0.08)
Heap/INSERT+INIT                            1676 (  0.29)               200671 (  0.40)                    0 (  0.00)               200671 (  0.02)
Heap/UPDATE+INIT                             213 (  0.04)                32423 (  0.07)                    0 (  0.00)                32423 (  0.00)
Btree/INSERT_LEAF                         147144 ( 25.37)             10347852 ( 20.82)            126668052 ( 13.84)            137015904 ( 14.20)
Btree/INSERT_UPPER                          1122 (  0.19)                74522 (  0.15)              4110896 (  0.45)              4185418 (  0.43)
Btree/SPLIT_L                                829 (  0.14)              2988058 (  6.01)              6107328 (  0.67)              9095386 (  0.94)
Btree/SPLIT_R                                293 (  0.05)               487904 (  0.98)              1253920 (  0.14)              1741824 (  0.18)
Btree/DELETE                                  28 (  0.00)                 2557 (  0.01)                    0 (  0.00)                 2557 (  0.00)
                                        --------                      --------                      --------                      --------
Total                                     579971                      49703882 [5.15%]             915172576 [94.85%]            964876458 [100%]
