Type                                           N      (%)          Record size      (%)             FPI size      (%)        Combined size      (%)
----                                           -      ---          -----------      ---             --------      ---        -------------      ---
Transaction/COMMIT                         18438 (  2.66)               626892 (  1.09)                    0 (  0.00)               626892 (  0.09)
Transaction/ABORT                          12279 (  1.77)               417486 (  0.72)                    0 (  0.00)               417486 (  0.06)
Heap2/CLEAN                               106808 ( 15.40)              6454874 ( 11.19)                    0 (  0.00)              6454874 (  0.96)
Heap/INSERT                               133445 ( 19.24)             15582891 ( 27.02)                 6756 (  0.00)             15589647 (  2.31)
Heap/DELETE                                 8147 (  1.17)               441198 (  0.77)              1853712 (  0.30)              2294910 (  0.34)
Heap/UPDATE                                17969 (  2.59)              2185939 (  3.79)              2649808 (  0.43)              4835747 (  0.72)
Heap/HOT_UPDATE                           219607 ( 31.67)             16744710 ( 29.03)            563614020 ( 91.51)            580358730 ( 86.16)
Heap/LOCK                                   9967 (  1.44)               538218 (  0.93)                    0 (  0.00)               538218 (  0.08)
Heap/INSERT+INIT                            1903 (  0.27)               227912 (  0.40)                    0 (  0.00)               227912 (  0.03)
Heap/UPDATE+INIT                             160 (  0.02)                27189 (  0.05)                    0 (  0.00)                27189 (  0.00)
Btree/INSERT_LEAF                         161003 ( 23.22)             11685065 ( 20.26)             42123604 (  6.84)             53808669 (  7.99)
Btree/INSERT_UPPER                           954 (  0.14)                72644 (  0.13)               939080 (  0.15)              1011724 (  0.15)
Btree/SPLIT_L                                366 (  0.05)              1310540 (  2.27)              2596352 (  0.42)              3906892 (  0.58)
Btree/SPLIT_R                                588 (  0.08)              1210958 (  2.10)              2109536 (  0.34)              3320494 (  0.49)
Btree/DELETE                                1820 (  0.26)               146124 (  0.25)                    0 (  0.00)               146124 (  0.02)
                                        --------                      --------                      --------                      --------
Total                                     693454                      57672640 [8.56%]             615892868 [91.44%]            673565508 [100%]
