Type                                           N      (%)          Record size      (%)             FPI size      (%)        Combined size      (%)
----                                           -      ---          -----------      ---             --------      ---        -------------      ---
Transaction/COMMIT                         18436 (  3.16)               848056 (  1.71)                    0 (  0.00)               848056 (  0.09)
CLOG/ZEROPAGE                                  1 (  0.00)                   30 (  0.00)                    0 (  0.00)                   30 (  0.00)
Heap2/CLEAN                                58965 ( 10.12)              3710548 (  7.47)                    0 (  0.00)              3710548 (  0.40)
Heap/INSERT                               114754 ( 19.70)             13403583 ( 26.97)                12980 (  0.00)             13416563 (  1.46)
Heap/DELETE                                 8250 (  1.42)               449520 (  0.90)              5914224 (  0.68)              6363744 (  0.69)
Heap/UPDATE                                22946 (  3.94)              2846420 (  5.73)              7034948 (  0.81)              9881368 (  1.08)
Heap/HOT_UPDATE                           193247 ( 33.17)             13995297 ( 28.16)            736345636 ( 84.90)            750340933 ( 81.82)
Heap/LOCK                                  14903 (  2.56)               804762 (  1.62)                    0 (  0.00)               804762 (  0.09)
Heap/INSERT+INIT                            1684 (  0.29)               200697 (  0.40)                    0 (  0.00)               200697 (  0.02)
Heap/UPDATE+INIT                             207 (  0.04)                31363 (  0.06)                    0 (  0.00)                31363 (  0.00)
Btree/INSERT_LEAF                         147241 ( 25.27)             10426307 ( 20.98)            108906372 ( 12.56)            119332679 ( 13.01)
Btree/INSERT_UPPER                           979 (  0.17)                66726 (  0.13)              3120512 (  0.36)              3187238 (  0.35)
Btree/SPLIT_L                                647 (  0.11)              2334083 (  4.70)              4757520 (  0.55)              7091603 (  0.77)
Btree/SPLIT_R                                332 (  0.06)               578871 (  1.16)              1261296 (  0.15)              1840167 (  0.20)
Btree/DELETE                                   2 (  0.00)                  256 (  0.00)                    0 (  0.00)                  256 (  0.00)
                                        --------                      --------                      --------                      --------
Total                                     582594                      49696519 [5.42%]             867353488 [94.58%]            917050007 [100%]
