Type                                           N      (%)          Record size      (%)             FPI size      (%)        Combined size      (%)
----                                           -      ---          -----------      ---             --------      ---        -------------      ---
Transaction/COMMIT                         18389 (  2.22)               845894 (  0.82)                    0 (  0.00)               845894 (  0.06)
CLOG/ZEROPAGE                                  1 (  0.00)                   30 (  0.00)                    0 (  0.00)                   30 (  0.00)
Heap2/CLEAN                                61812 (  7.46)              3740066 (  3.62)                    0 (  0.00)              3740066 (  0.26)
Heap/INSERT                               115695 ( 13.96)             13513927 ( 13.06)                16460 (  0.00)             13530387 (  0.96)
Heap/DELETE                                 7890 (  0.95)               431275 (  0.42)              8540084 (  0.65)              8971359 (  0.63)
Heap/UPDATE                               131231 ( 15.84)             45395966 ( 43.88)                 9060 (  0.00)             45405026 (  3.21)
Heap/HOT_UPDATE                            75874 (  9.16)              6014046 (  5.81)              2537988 (  0.19)              8552034 (  0.60)
Heap/LOCK                                 130951 ( 15.81)              7577089 (  7.32)            817892896 ( 62.33)            825469985 ( 58.31)
Heap/INSERT+INIT                            1607 (  0.19)               192382 (  0.19)                    0 (  0.00)               192382 (  0.01)
Heap/UPDATE+INIT                            5285 (  0.64)              2313072 (  2.24)                    0 (  0.00)              2313072 (  0.16)
Btree/INSERT_LEAF                         276772 ( 33.41)             18472272 ( 17.86)            469018412 ( 35.74)            487490684 ( 34.43)
Btree/INSERT_UPPER                          1497 (  0.18)               104077 (  0.10)              4141796 (  0.32)              4245873 (  0.30)
Btree/SPLIT_L                                949 (  0.11)              3425698 (  3.31)              6992448 (  0.53)             10418146 (  0.74)
Btree/SPLIT_R                                548 (  0.07)              1419562 (  1.37)              3142176 (  0.24)              4561738 (  0.32)
                                        --------                      --------                      --------                      --------
Total                                     828501                     103445356 [7.31%]            1312291320 [92.69%]           1415736676 [100%]
