Type                                           N      (%)          Record size      (%)             FPI size      (%)        Combined size      (%)
----                                           -      ---          -----------      ---             --------      ---        -------------      ---
Transaction/COMMIT                         18438 (  3.03)               848148 (  1.67)                    0 (  0.00)               848148 (  0.13)
CLOG/ZEROPAGE                                  1 (  0.00)                   30 (  0.00)                    0 (  0.00)                   30 (  0.00)
Standby/RUNNING_XACTS                          1 (  0.00)                  146 (  0.00)                    0 (  0.00)                  146 (  0.00)
Heap2/CLEAN                               103207 ( 16.96)              6283502 ( 12.37)                    0 (  0.00)              6283502 (  0.94)
Heap/INSERT                               114878 ( 18.88)             13418428 ( 26.41)                 6756 (  0.00)             13425184 (  2.01)
Heap/DELETE                                 8110 (  1.33)               439200 (  0.86)              1853712 (  0.30)              2292912 (  0.34)
Heap/UPDATE                                13729 (  2.26)              1499813 (  2.95)              2649816 (  0.43)              4149629 (  0.62)
Heap/HOT_UPDATE                           202616 ( 33.30)             15233773 ( 29.98)            563617956 ( 91.56)            578851729 ( 86.86)
Heap/LOCK                                   5710 (  0.94)               308340 (  0.61)                    0 (  0.00)               308340 (  0.05)
Heap/INSERT+INIT                            1655 (  0.27)               196979 (  0.39)                    0 (  0.00)               196979 (  0.03)
Heap/UPDATE+INIT                              91 (  0.01)                13607 (  0.03)                    0 (  0.00)                13607 (  0.00)
Btree/INSERT_LEAF                         137900 ( 22.66)             10023309 ( 19.73)             41981780 (  6.82)             52005089 (  7.80)
Btree/INSERT_UPPER                           936 (  0.15)                71204 (  0.14)               939080 (  0.15)              1010284 (  0.15)
Btree/SPLIT_L                                370 (  0.06)              1309442 (  2.58)              2581600 (  0.42)              3891042 (  0.58)
Btree/SPLIT_R                                566 (  0.09)              1144163 (  2.25)              1969392 (  0.32)              3113555 (  0.47)
Btree/DELETE                                 233 (  0.04)                22900 (  0.05)                    0 (  0.00)                22900 (  0.00)
                                        --------                      --------                      --------                      --------
Total                                     608441                      50812984 [7.62%]             615600092 [92.38%]            666413076 [100%]
