Type                                           N      (%)          Record size      (%)             FPI size      (%)        Combined size      (%)
----                                           -      ---          -----------      ---             --------      ---        -------------      ---
Transaction/COMMIT                         18389 (  1.02)               845894 (  0.45)                    0 (  0.00)               845894 (  0.03)
CLOG/ZEROPAGE                                  1 (  0.00)                   30 (  0.00)                    0 (  0.00)                   30 (  0.00)
Standby/RUNNING_XACTS                          1 (  0.00)                   94 (  0.00)                    0 (  0.00)                   94 (  0.00)
Heap2/CLEAN                               240696 ( 13.36)             16088878 (  8.50)                    0 (  0.00)             16088878 (  0.58)
Heap/INSERT                               115687 (  6.42)             13513216 (  7.14)                16460 (  0.00)             13529676 (  0.49)
Heap/DELETE                                 7890 (  0.44)               431275 (  0.23)              8540084 (  0.33)              8971359 (  0.32)
Heap/UPDATE                               133252 (  7.39)             45651141 ( 24.11)                18868 (  0.00)             45670009 (  1.65)
Heap/HOT_UPDATE                           607561 ( 33.71)             62666651 ( 33.10)             37874828 (  1.47)            100541479 (  3.63)
Heap/LOCK                                 133054 (  7.38)              7690651 (  4.06)            817892896 ( 31.70)            825583547 ( 29.81)
Heap/INSERT+INIT                            1615 (  0.09)               193092 (  0.10)                    0 (  0.00)               193092 (  0.01)
Heap/UPDATE+INIT                            5364 (  0.30)              2324980 (  1.23)                    0 (  0.00)              2324980 (  0.08)
Btree/INSERT_LEAF                         535713 ( 29.72)             34868348 ( 18.42)           1701716436 ( 65.95)           1736584784 ( 62.70)
Btree/INSERT_UPPER                          1526 (  0.08)               106184 (  0.06)              4169568 (  0.16)              4275752 (  0.15)
Btree/SPLIT_L                                966 (  0.05)              3479409 (  1.84)              7029352 (  0.27)             10508761 (  0.38)
Btree/SPLIT_R                                560 (  0.03)              1456987 (  0.77)              3179036 (  0.12)              4636023 (  0.17)
Btree/DELETE                                   7 (  0.00)                  510 (  0.00)                    0 (  0.00)                  510 (  0.00)
                                        --------                      --------                      --------                      --------
Total                                    1802282                     189317340 [6.84%]            2580437528 [93.16%]           2769754868 [100%]
