Type                                           N      (%)          Record size      (%)             FPI size      (%)        Combined size      (%)
----                                           -      ---          -----------      ---             --------      ---        -------------      ---
Transaction/COMMIT                         18389 (  1.27)               845894 (  0.66)                    0 (  0.00)               845894 (  0.05)
CLOG/ZEROPAGE                                  1 (  0.00)                   30 (  0.00)                    0 (  0.00)                   30 (  0.00)
Standby/RUNNING_XACTS                          1 (  0.00)                   90 (  0.00)                    0 (  0.00)                   90 (  0.00)
Heap2/CLEAN                               252617 ( 17.45)             16889550 ( 13.15)                    0 (  0.00)             16889550 (  0.90)
Heap/INSERT                               115652 (  7.99)             13508703 ( 10.52)                21064 (  0.00)             13529767 (  0.72)
Heap/DELETE                                 7890 (  0.54)               431300 (  0.34)              7709088 (  0.44)              8140388 (  0.44)
Heap/UPDATE                                22579 (  1.56)              2774529 (  2.16)              9175240 (  0.53)             11949769 (  0.64)
Heap/HOT_UPDATE                           723357 ( 49.96)             70464772 ( 54.87)            795466664 ( 45.76)            865931436 ( 46.38)
Heap/LOCK                                  14930 (  1.03)               806220 (  0.63)                    0 (  0.00)               806220 (  0.04)
Heap/INSERT+INIT                            1650 (  0.11)               197606 (  0.15)                    0 (  0.00)               197606 (  0.01)
Heap/UPDATE+INIT                             241 (  0.02)                34876 (  0.03)                    0 (  0.00)                34876 (  0.00)
Btree/INSERT_LEAF                         288309 ( 19.91)             18916100 ( 14.73)            914580648 ( 52.61)            933496748 ( 50.00)
Btree/INSERT_UPPER                          1123 (  0.08)                74510 (  0.06)              4131856 (  0.24)              4206366 (  0.23)
Btree/SPLIT_L                                831 (  0.06)              2991321 (  2.33)              6099952 (  0.35)              9091273 (  0.49)
Btree/SPLIT_R                                292 (  0.02)               492187 (  0.38)              1231784 (  0.07)              1723971 (  0.09)
Btree/DELETE                                   3 (  0.00)                  192 (  0.00)                    0 (  0.00)                  192 (  0.00)
                                        --------                      --------                      --------                      --------
Total                                    1447865                     128427880 [6.88%]            1738416296 [93.12%]           1866844176 [100%]
