Type                                           N      (%)          Record size      (%)             FPI size      (%)        Combined size      (%)
----                                           -      ---          -----------      ---             --------      ---        -------------      ---
Transaction/COMMIT                         18389 (  3.21)               845894 (  1.71)                    0 (  0.00)               845894 (  0.09)
CLOG/ZEROPAGE                                  1 (  0.00)                   30 (  0.00)                    0 (  0.00)                   30 (  0.00)
Heap2/CLEAN                                54453 (  9.50)              3423308 (  6.93)                    0 (  0.00)              3423308 (  0.35)
Heap/INSERT                               115622 ( 20.18)             13505433 ( 27.32)                21064 (  0.00)             13526497 (  1.40)
Heap/DELETE                                 7890 (  1.38)               431300 (  0.87)              7709088 (  0.84)              8140388 (  0.84)
Heap/UPDATE                                21634 (  3.78)              2666253 (  5.39)              9173876 (  1.00)             11840129 (  1.23)
Heap/HOT_UPDATE                           190539 ( 33.25)             13706632 ( 27.73)            760127952 ( 83.07)            773834584 ( 80.23)
Heap/LOCK                                  13961 (  2.44)               753894 (  1.53)                    0 (  0.00)               753894 (  0.08)
Heap/INSERT+INIT                            1680 (  0.29)               200876 (  0.41)                    0 (  0.00)               200876 (  0.02)
Heap/UPDATE+INIT                             217 (  0.04)                32601 (  0.07)                    0 (  0.00)                32601 (  0.00)
Btree/INSERT_LEAF                         146441 ( 25.55)             10300177 ( 20.84)            126556748 ( 13.83)            136856925 ( 14.19)
Btree/INSERT_UPPER                          1121 (  0.20)                74469 (  0.15)              4105220 (  0.45)              4179689 (  0.43)
Btree/SPLIT_L                                827 (  0.14)              2977252 (  6.02)              6092576 (  0.67)              9069828 (  0.94)
Btree/SPLIT_R                                294 (  0.05)               508095 (  1.03)              1290800 (  0.14)              1798895 (  0.19)
                                        --------                      --------                      --------                      --------
Total                                     573069                      49426214 [5.12%]             915077324 [94.88%]            964503538 [100%]
