Type                                           N      (%)          Record size      (%)             FPI size      (%)        Combined size      (%)
----                                           -      ---          -----------      ---             --------      ---        -------------      ---
Transaction/COMMIT                         18412 (  2.97)               846952 (  1.63)                    0 (  0.00)               846952 (  0.17)
CLOG/ZEROPAGE                                  1 (  0.00)                   30 (  0.00)                    0 (  0.00)                   30 (  0.00)
Standby/RUNNING_XACTS                          1 (  0.00)                   70 (  0.00)                    0 (  0.00)                   70 (  0.00)
Heap2/CLEAN                               106106 ( 17.12)              6471984 ( 12.49)                    0 (  0.00)              6471984 (  1.31)
Heap/INSERT                               114679 ( 18.51)             13395627 ( 25.85)                11640 (  0.00)             13407267 (  2.71)
Heap/DELETE                                 8040 (  1.30)               434805 (  0.84)               948924 (  0.21)              1383729 (  0.28)
Heap/UPDATE                                17749 (  2.86)              2107488 (  4.07)              1870684 (  0.42)              3978172 (  0.80)
Heap/HOT_UPDATE                           199151 ( 32.14)             15388280 ( 29.70)            413998452 ( 93.42)            429386732 ( 86.75)
Heap/LOCK                                   9957 (  1.61)               537678 (  1.04)                    0 (  0.00)               537678 (  0.11)
Heap/INSERT+INIT                            1658 (  0.27)               197467 (  0.38)                    0 (  0.00)               197467 (  0.04)
Heap/UPDATE+INIT                             157 (  0.03)                24779 (  0.05)                    0 (  0.00)                24779 (  0.01)
Btree/INSERT_LEAF                         141825 ( 22.89)             10389081 ( 20.05)             22380036 (  5.05)             32769117 (  6.62)
Btree/INSERT_UPPER                           814 (  0.13)                63212 (  0.12)               475352 (  0.11)               538564 (  0.11)
Btree/SPLIT_L                                253 (  0.04)               892902 (  1.72)              1770240 (  0.40)              2663142 (  0.54)
Btree/SPLIT_R                                561 (  0.09)              1036814 (  2.00)              1711232 (  0.39)              2748046 (  0.56)
Btree/DELETE                                 324 (  0.05)                29056 (  0.06)                    0 (  0.00)                29056 (  0.01)
                                        --------                      --------                      --------                      --------
Total                                     619688                      51816225 [10.47%]            443166560 [89.53%]            494982785 [100%]
