Type                                           N      (%)          Record size      (%)             FPI size      (%)        Combined size      (%)
----                                           -      ---          -----------      ---             --------      ---        -------------      ---
Transaction/COMMIT                         18389 (  2.22)               845894 (  0.82)                    0 (  0.00)               845894 (  0.06)
CLOG/ZEROPAGE                                  1 (  0.00)                   30 (  0.00)                    0 (  0.00)                   30 (  0.00)
Heap2/CLEAN                                61832 (  7.46)              3741842 (  3.62)                    0 (  0.00)              3741842 (  0.26)
Heap/INSERT                               115663 ( 13.96)             13509768 ( 13.06)                16460 (  0.00)             13526228 (  0.96)
Heap/DELETE                                 7890 (  0.95)               431275 (  0.42)              8540084 (  0.65)              8971359 (  0.63)
Heap/UPDATE                               131251 ( 15.84)             45393633 ( 43.89)                 9060 (  0.00)             45402693 (  3.21)
Heap/HOT_UPDATE                            75878 (  9.16)              6014451 (  5.81)              2537988 (  0.19)              8552439 (  0.60)
Heap/LOCK                                 130948 ( 15.81)              7576927 (  7.33)            817892896 ( 62.33)            825469823 ( 58.31)
Heap/INSERT+INIT                            1639 (  0.20)               196541 (  0.19)                    0 (  0.00)               196541 (  0.01)
Heap/UPDATE+INIT                            5261 (  0.63)              2311035 (  2.23)                    0 (  0.00)              2311035 (  0.16)
Btree/INSERT_LEAF                         276769 ( 33.41)             18472147 ( 17.86)            469011008 ( 35.74)            487483155 ( 34.43)
Btree/INSERT_UPPER                          1495 (  0.18)               103941 (  0.10)              4141772 (  0.32)              4245713 (  0.30)
Btree/SPLIT_L                                949 (  0.11)              3420800 (  3.31)              6977696 (  0.53)             10398496 (  0.73)
Btree/SPLIT_R                                546 (  0.07)              1415137 (  1.37)              3134800 (  0.24)              4549937 (  0.32)
                                        --------                      --------                      --------                      --------
Total                                     828511                     103433421 [7.31%]            1312261764 [92.69%]           1415695185 [100%]
