Type                                           N      (%)          Record size      (%)             FPI size      (%)        Combined size      (%)
----                                           -      ---          -----------      ---             --------      ---        -------------      ---
Transaction/COMMIT                          1856 (  1.98)                63104 (  0.81)                    0 (  0.00)                63104 (  0.07)
Transaction/ABORT                           4996 (  5.34)               169864 (  2.17)                    0 (  0.00)               169864 (  0.19)
Heap2/CLEAN                                10427 ( 11.14)               614674 (  7.87)                    0 (  0.00)               614674 (  0.70)
Heap/INSERT                                19639 ( 20.98)              2292815 ( 29.36)                16344 (  0.02)              2309159 (  2.63)
Heap/DELETE                                  630 (  0.67)                34290 (  0.44)               397224 (  0.50)               431514 (  0.49)
Heap/UPDATE                                 3348 (  3.58)               485695 (  6.22)               505144 (  0.63)               990839 (  1.13)
Heap/HOT_UPDATE                            24619 ( 26.30)              1877667 ( 24.04)             69761204 ( 87.29)             71638871 ( 81.66)
Heap/LOCK                                   2816 (  3.01)               152064 (  1.95)                    0 (  0.00)               152064 (  0.17)
Heap/INSERT+INIT                             331 (  0.35)                38687 (  0.50)                    0 (  0.00)                38687 (  0.04)
Heap/UPDATE+INIT                              80 (  0.09)                13944 (  0.18)                    0 (  0.00)                13944 (  0.02)
Btree/INSERT_LEAF                          24281 ( 25.94)              1740162 ( 22.28)              8469504 ( 10.60)             10209666 ( 11.64)
Btree/INSERT_UPPER                           103 (  0.11)                 7430 (  0.10)               214296 (  0.27)               221726 (  0.25)
Btree/SPLIT_L                                 58 (  0.06)               202476 (  2.59)               413056 (  0.52)               615532 (  0.70)
Btree/SPLIT_R                                 45 (  0.05)                82061 (  1.05)               140144 (  0.18)               222205 (  0.25)
Btree/DELETE                                 392 (  0.42)                34985 (  0.45)                    0 (  0.00)                34985 (  0.04)
                                        --------                      --------                      --------                      --------
Total                                      93621                       7809918 [8.90%]              79916916 [91.10%]             87726834 [100%]
