Type                                           N      (%)          Record size      (%)             FPI size      (%)        Combined size      (%)
----                                           -      ---          -----------      ---             --------      ---        -------------      ---
Transaction/COMMIT                         18389 (  1.26)               845894 (  0.66)                    0 (  0.00)               845894 (  0.05)
CLOG/ZEROPAGE                                  1 (  0.00)                   30 (  0.00)                    0 (  0.00)                   30 (  0.00)
Standby/RUNNING_XACTS                          1 (  0.00)                   66 (  0.00)                    0 (  0.00)                   66 (  0.00)
Heap2/CLEAN                               265067 ( 18.18)             17593300 ( 13.65)                    0 (  0.00)             17593300 (  0.94)
Heap/INSERT                               115682 (  7.93)             13512225 ( 10.48)                21064 (  0.00)             13533289 (  0.73)
Heap/DELETE                                 7890 (  0.54)               431300 (  0.33)              7709088 (  0.44)              8140388 (  0.44)
Heap/UPDATE                                21910 (  1.50)              2682788 (  2.08)              9175240 (  0.53)             11858028 (  0.64)
Heap/HOT_UPDATE                           724032 ( 49.65)             70528128 ( 54.70)            795466664 ( 45.79)            865994792 ( 46.41)
Heap/LOCK                                  14255 (  0.98)               769770 (  0.60)                    0 (  0.00)               769770 (  0.04)
Heap/INSERT+INIT                            1620 (  0.11)               194084 (  0.15)                    0 (  0.00)               194084 (  0.01)
Heap/UPDATE+INIT                             235 (  0.02)                34138 (  0.03)                    0 (  0.00)                34138 (  0.00)
Btree/INSERT_LEAF                         286876 ( 19.67)             18815151 ( 14.59)            913268396 ( 52.58)            932083547 ( 49.95)
Btree/INSERT_UPPER                          1110 (  0.08)                73575 (  0.06)              4114536 (  0.24)              4188111 (  0.22)
Btree/SPLIT_L                                826 (  0.06)              2974033 (  2.31)              6085200 (  0.35)              9059233 (  0.49)
Btree/SPLIT_R                                284 (  0.02)               472089 (  0.37)              1217040 (  0.07)              1689129 (  0.09)
                                        --------                      --------                      --------                      --------
Total                                    1458178                     128926571 [6.91%]            1737057228 [93.09%]           1865983799 [100%]
