Type                                           N      (%)          Record size      (%)             FPI size      (%)        Combined size      (%)
----                                           -      ---          -----------      ---             --------      ---        -------------      ---
Transaction/COMMIT                         18389 (  3.21)               845894 (  1.71)                    0 (  0.00)               845894 (  0.09)
CLOG/ZEROPAGE                                  1 (  0.00)                   30 (  0.00)                    0 (  0.00)                   30 (  0.00)
Heap2/CLEAN                                54514 (  9.51)              3427522 (  6.93)                    0 (  0.00)              3427522 (  0.36)
Heap/INSERT                               115616 ( 20.17)             13505194 ( 27.31)                21064 (  0.00)             13526258 (  1.40)
Heap/DELETE                                 7890 (  1.38)               431300 (  0.87)              7709088 (  0.84)              8140388 (  0.84)
Heap/UPDATE                                21638 (  3.78)              2666804 (  5.39)              9173876 (  1.00)             11840680 (  1.23)
Heap/HOT_UPDATE                           190528 ( 33.24)             13705714 ( 27.72)            760127952 ( 83.06)            773833666 ( 80.23)
Heap/LOCK                                  13971 (  2.44)               754434 (  1.53)                    0 (  0.00)               754434 (  0.08)
Heap/INSERT+INIT                            1686 (  0.29)               201115 (  0.41)                    0 (  0.00)               201115 (  0.02)
Heap/UPDATE+INIT                             224 (  0.04)                33593 (  0.07)                    0 (  0.00)                33593 (  0.00)
Btree/INSERT_LEAF                         146448 ( 25.55)             10300673 ( 20.83)            126556748 ( 13.83)            136857421 ( 14.19)
Btree/INSERT_UPPER                          1125 (  0.20)                74821 (  0.15)              4105172 (  0.45)              4179993 (  0.43)
Btree/SPLIT_L                                826 (  0.14)              2974953 (  6.02)              6085200 (  0.66)              9060153 (  0.94)
Btree/SPLIT_R                                299 (  0.05)               520806 (  1.05)              1327680 (  0.15)              1848486 (  0.19)
                                        --------                      --------                      --------                      --------
Total                                     573155                      49442853 [5.13%]             915106780 [94.87%]            964549633 [100%]
