Type                                           N      (%)          Record size      (%)             FPI size      (%)        Combined size      (%)
----                                           -      ---          -----------      ---             --------      ---        -------------      ---
Transaction/COMMIT                         18389 (  3.21)               845894 (  1.71)                    0 (  0.00)               845894 (  0.09)
CLOG/ZEROPAGE                                  1 (  0.00)                   30 (  0.00)                    0 (  0.00)                   30 (  0.00)
Heap2/CLEAN                                55234 (  9.64)              3470908 (  7.03)                    0 (  0.00)              3470908 (  0.36)
Heap/INSERT                               115637 ( 20.17)             13507326 ( 27.35)                21064 (  0.00)             13528390 (  1.40)
Heap/DELETE                                 7890 (  1.38)               431300 (  0.87)              7709088 (  0.84)              8140388 (  0.84)
Heap/UPDATE                                21345 (  3.72)              2623232 (  5.31)              9171284 (  1.00)             11794516 (  1.22)
Heap/HOT_UPDATE                           190837 ( 33.29)             13730851 ( 27.81)            760127952 ( 83.07)            773858803 ( 80.24)
Heap/LOCK                                  13662 (  2.38)               737748 (  1.49)                    0 (  0.00)               737748 (  0.08)
Heap/INSERT+INIT                            1665 (  0.29)               198983 (  0.40)                    0 (  0.00)               198983 (  0.02)
Heap/UPDATE+INIT                             208 (  0.04)                31027 (  0.06)                    0 (  0.00)                31027 (  0.00)
Btree/INSERT_LEAF                         146152 ( 25.50)             10279612 ( 20.82)            126549292 ( 13.83)            136828904 ( 14.19)
Btree/INSERT_UPPER                          1111 (  0.19)                73709 (  0.15)              4105156 (  0.45)              4178865 (  0.43)
Btree/SPLIT_L                                824 (  0.14)              2968795 (  6.01)              6070448 (  0.66)              9039243 (  0.94)
Btree/SPLIT_R                                287 (  0.05)               482863 (  0.98)              1246544 (  0.14)              1729407 (  0.18)
                                        --------                      --------                      --------                      --------
Total                                     573242                      49382278 [5.12%]             915000828 [94.88%]            964383106 [100%]
