Type                                           N      (%)          Record size      (%)             FPI size      (%)        Combined size      (%)
----                                           -      ---          -----------      ---             --------      ---        -------------      ---
Transaction/COMMIT                         18416 (  2.52)               626144 (  1.03)                    0 (  0.00)               626144 (  0.18)
Transaction/ABORT                          50583 (  6.93)              1719822 (  2.84)                    0 (  0.00)              1719822 (  0.51)
CLOG/ZEROPAGE                                  2 (  0.00)                   60 (  0.00)                    0 (  0.00)                   60 (  0.00)
Standby/RUNNING_XACTS                          1 (  0.00)                  146 (  0.00)                    0 (  0.00)                  146 (  0.00)
Heap2/CLEAN                               105282 ( 14.43)              6386636 ( 10.54)                    0 (  0.00)              6386636 (  1.88)
Heap/INSERT                               125351 ( 17.18)             14638647 ( 24.16)                16344 (  0.01)             14654991 (  4.32)
Heap/DELETE                                 8189 (  1.12)               442566 (  0.73)               529632 (  0.19)               972198 (  0.29)
Heap/UPDATE                                28066 (  3.85)              3700859 (  6.11)              1275968 (  0.46)              4976827 (  1.47)
Heap/HOT_UPDATE                           204178 ( 27.98)             16355667 ( 26.99)            261013476 ( 93.57)            277369143 ( 81.69)
Heap/LOCK                                  20522 (  2.81)              1108188 (  1.83)                    0 (  0.00)              1108188 (  0.33)
Heap/INSERT+INIT                            1831 (  0.25)               219257 (  0.36)                    0 (  0.00)               219257 (  0.06)
Heap/UPDATE+INIT                             329 (  0.05)                59707 (  0.10)                    0 (  0.00)                59707 (  0.02)
Btree/INSERT_LEAF                         163618 ( 22.42)             12006092 ( 19.81)             12459492 (  4.47)             24465584 (  7.21)
Btree/INSERT_UPPER                          1131 (  0.15)                89424 (  0.15)               267616 (  0.10)               357040 (  0.11)
Btree/SPLIT_L                                403 (  0.06)              1505557 (  2.48)              1821872 (  0.65)              3327429 (  0.98)
Btree/SPLIT_R                                728 (  0.10)              1653068 (  2.73)              1563712 (  0.56)              3216780 (  0.95)
Btree/DELETE                                1049 (  0.14)                88379 (  0.15)                    0 (  0.00)                88379 (  0.03)
                                        --------                      --------                      --------                      --------
Total                                     729679                      60600219 [17.85%]            278948112 [82.15%]            339548331 [100%]
