Type                                           N      (%)          Record size      (%)             FPI size      (%)        Combined size      (%)
----                                           -      ---          -----------      ---             --------      ---        -------------      ---
Transaction/COMMIT                         18416 (  2.53)               626144 (  1.04)                    0 (  0.00)               626144 (  0.18)
Transaction/ABORT                          51831 (  7.11)              1762254 (  2.92)                    0 (  0.00)              1762254 (  0.52)
CLOG/ZEROPAGE                                  2 (  0.00)                   60 (  0.00)                    0 (  0.00)                   60 (  0.00)
Standby/RUNNING_XACTS                          2 (  0.00)                  300 (  0.00)                    0 (  0.00)                  300 (  0.00)
Heap2/CLEAN                               106212 ( 14.58)              6444098 ( 10.70)                    0 (  0.00)              6444098 (  1.90)
Heap/INSERT                               125881 ( 17.28)             14702216 ( 24.40)                16344 (  0.01)             14718560 (  4.35)
Heap/DELETE                                 8107 (  1.11)               438138 (  0.73)               529632 (  0.19)               967770 (  0.29)
Heap/UPDATE                                26305 (  3.61)              3424177 (  5.68)              1270224 (  0.46)              4694401 (  1.39)
Heap/HOT_UPDATE                           205332 ( 28.18)             16454596 ( 27.31)            261020324 ( 93.81)            277474920 ( 81.97)
Heap/LOCK                                  18816 (  2.58)              1016064 (  1.69)                    0 (  0.00)              1016064 (  0.30)
Heap/INSERT+INIT                            1834 (  0.25)               219193 (  0.36)                    0 (  0.00)               219193 (  0.06)
Heap/UPDATE+INIT                             299 (  0.04)                48498 (  0.08)                    0 (  0.00)                48498 (  0.01)
Btree/INSERT_LEAF                         162290 ( 22.27)             11908933 ( 19.77)             11962020 (  4.30)             23870953 (  7.05)
Btree/INSERT_UPPER                          1101 (  0.15)                87008 (  0.14)               267664 (  0.10)               354672 (  0.10)
Btree/SPLIT_L                                372 (  0.05)              1368888 (  2.27)              1652224 (  0.59)              3021112 (  0.89)
Btree/SPLIT_R                                729 (  0.10)              1656177 (  2.75)              1526832 (  0.55)              3183009 (  0.94)
Btree/DELETE                                1087 (  0.15)                92382 (  0.15)                    0 (  0.00)                92382 (  0.03)
                                        --------                      --------                      --------                      --------
Total                                     728616                      60249126 [17.80%]            278245264 [82.20%]            338494390 [100%]
