Type                                           N      (%)          Record size      (%)             FPI size      (%)        Combined size      (%)
----                                           -      ---          -----------      ---             --------      ---        -------------      ---
Transaction/COMMIT                         18388 (  1.30)               845848 (  0.67)                    0 (  0.00)               845848 (  0.05)
CLOG/ZEROPAGE                                  1 (  0.00)                   30 (  0.00)                    0 (  0.00)                   30 (  0.00)
Standby/RUNNING_XACTS                          1 (  0.00)                  130 (  0.00)                    0 (  0.00)                  130 (  0.00)
Heap2/CLEAN                               223020 ( 15.78)             15320620 ( 12.12)                    0 (  0.00)             15320620 (  0.97)
Heap/INSERT                               115479 (  8.17)             13488938 ( 10.67)                20388 (  0.00)             13509326 (  0.86)
Heap/DELETE                                 7920 (  0.56)               430420 (  0.34)              4031088 (  0.28)              4461508 (  0.28)
Heap/UPDATE                                24337 (  1.72)              3022347 (  2.39)              5032068 (  0.35)              8054415 (  0.51)
Heap/HOT_UPDATE                           711770 ( 50.36)             69464743 ( 54.96)            714920628 ( 49.46)            784385371 ( 49.90)
Heap/LOCK                                  16696 (  1.18)               901584 (  0.71)                    0 (  0.00)               901584 (  0.06)
Heap/INSERT+INIT                            1708 (  0.12)               203542 (  0.16)                    0 (  0.00)               203542 (  0.01)
Heap/UPDATE+INIT                             279 (  0.02)                39859 (  0.03)                    0 (  0.00)                39859 (  0.00)
Btree/INSERT_LEAF                         291846 ( 20.65)             20033744 ( 15.85)            714643532 ( 49.44)            734677276 ( 46.74)
Btree/INSERT_UPPER                           935 (  0.07)                66752 (  0.05)              2107932 (  0.15)              2174684 (  0.14)
Btree/SPLIT_L                                466 (  0.03)              1647587 (  1.30)              3267476 (  0.23)              4915063 (  0.31)
Btree/SPLIT_R                                469 (  0.03)               916974 (  0.73)              1475028 (  0.10)              2392002 (  0.15)
Btree/DELETE                                  25 (  0.00)                 1916 (  0.00)                    0 (  0.00)                 1916 (  0.00)
                                        --------                      --------                      --------                      --------
Total                                    1413340                     126385034 [8.04%]            1445498140 [91.96%]           1571883174 [100%]
