Type                                           N      (%)          Record size      (%)             FPI size      (%)        Combined size      (%)
----                                           -      ---          -----------      ---             --------      ---        -------------      ---
Transaction/COMMIT                         18438 (  1.33)               848148 (  0.68)                    0 (  0.00)               848148 (  0.08)
CLOG/ZEROPAGE                                  1 (  0.00)                   30 (  0.00)                    0 (  0.00)                   30 (  0.00)
Standby/RUNNING_XACTS                          3 (  0.00)                  174 (  0.00)                    0 (  0.00)                  174 (  0.00)
Heap2/CLEAN                               223049 ( 16.14)             15401648 ( 12.30)                    0 (  0.00)             15401648 (  1.39)
Heap/INSERT                               114873 (  8.31)             13417796 ( 10.72)                 6756 (  0.00)             13424552 (  1.21)
Heap/DELETE                                 8110 (  0.59)               439200 (  0.35)              1853712 (  0.19)              2292912 (  0.21)
Heap/UPDATE                                15712 (  1.14)              1745507 (  1.39)              2654972 (  0.27)              4400479 (  0.40)
Heap/HOT_UPDATE                           716709 ( 51.87)             70097260 ( 55.98)            569583908 ( 57.97)            639681168 ( 57.75)
Heap/LOCK                                   7765 (  0.56)               419310 (  0.33)                    0 (  0.00)               419310 (  0.04)
Heap/INSERT+INIT                            1660 (  0.12)               197611 (  0.16)                    0 (  0.00)               197611 (  0.02)
Heap/UPDATE+INIT                             163 (  0.01)                23037 (  0.02)                    0 (  0.00)                23037 (  0.00)
Btree/INSERT_LEAF                         272915 ( 19.75)             19911488 ( 15.90)            402773524 ( 41.00)            422685012 ( 38.16)
Btree/INSERT_UPPER                           980 (  0.07)                74563 (  0.06)               944712 (  0.10)              1019275 (  0.09)
Btree/SPLIT_L                                390 (  0.03)              1391652 (  1.11)              2655312 (  0.27)              4046964 (  0.37)
Btree/SPLIT_R                                591 (  0.04)              1228978 (  0.98)              2006208 (  0.20)              3235186 (  0.29)
Btree/DELETE                                 268 (  0.02)                26092 (  0.02)                    0 (  0.00)                26092 (  0.00)
Btree/NEWROOT                                  1 (  0.00)                  126 (  0.00)                    0 (  0.00)                  126 (  0.00)
                                        --------                      --------                      --------                      --------
Total                                    1381628                     125222620 [11.30%]            982479104 [88.70%]           1107701724 [100%]
