Type                                           N      (%)          Record size      (%)             FPI size      (%)        Combined size      (%)
----                                           -      ---          -----------      ---             --------      ---        -------------      ---
Transaction/COMMIT                         18389 (  3.21)               845894 (  1.71)                    0 (  0.00)               845894 (  0.09)
CLOG/ZEROPAGE                                  1 (  0.00)                   30 (  0.00)                    0 (  0.00)                   30 (  0.00)
Heap2/CLEAN                                54574 (  9.52)              3430662 (  6.94)                    0 (  0.00)              3430662 (  0.36)
Heap/INSERT                               115607 ( 20.17)             13503851 ( 27.32)                21064 (  0.00)             13524915 (  1.40)
Heap/DELETE                                 7890 (  1.38)               431300 (  0.87)              7709088 (  0.84)              8140388 (  0.84)
Heap/UPDATE                                21618 (  3.77)              2664085 (  5.39)              9173876 (  1.00)             11837961 (  1.23)
Heap/HOT_UPDATE                           190582 ( 33.25)             13710109 ( 27.74)            760127968 ( 83.07)            773838077 ( 80.23)
Heap/LOCK                                  13918 (  2.43)               751572 (  1.52)                    0 (  0.00)               751572 (  0.08)
Heap/INSERT+INIT                            1695 (  0.30)               202458 (  0.41)                    0 (  0.00)               202458 (  0.02)
Heap/UPDATE+INIT                             190 (  0.03)                28384 (  0.06)                    0 (  0.00)                28384 (  0.00)
Btree/INSERT_LEAF                         146394 ( 25.54)             10296793 ( 20.83)            126556748 ( 13.83)            136853541 ( 14.19)
Btree/INSERT_UPPER                          1125 (  0.20)                74805 (  0.15)              4105156 (  0.45)              4179961 (  0.43)
Btree/SPLIT_L                                827 (  0.14)              2974900 (  6.02)              6092576 (  0.67)              9067476 (  0.94)
Btree/SPLIT_R                                298 (  0.05)               511537 (  1.03)              1305552 (  0.14)              1817089 (  0.19)
                                        --------                      --------                      --------                      --------
Total                                     573108                      49426380 [5.12%]             915092028 [94.88%]            964518408 [100%]
