Type                                           N      (%)          Record size      (%)             FPI size      (%)        Combined size      (%)
----                                           -      ---          -----------      ---             --------      ---        -------------      ---
Transaction/COMMIT                         18412 (  2.97)               846952 (  1.64)                    0 (  0.00)               846952 (  0.17)
CLOG/ZEROPAGE                                  1 (  0.00)                   30 (  0.00)                    0 (  0.00)                   30 (  0.00)
Standby/RUNNING_XACTS                          1 (  0.00)                  102 (  0.00)                    0 (  0.00)                  102 (  0.00)
Heap2/CLEAN                               105525 ( 17.04)              6431978 ( 12.42)                    0 (  0.00)              6431978 (  1.30)
Heap/INSERT                               114667 ( 18.52)             13394114 ( 25.86)                11640 (  0.00)             13405754 (  2.71)
Heap/DELETE                                 8040 (  1.30)               434805 (  0.84)               948924 (  0.21)              1383729 (  0.28)
Heap/UPDATE                                17784 (  2.87)              2112686 (  4.08)              1870684 (  0.42)              3983370 (  0.80)
Heap/HOT_UPDATE                           199126 ( 32.16)             15386219 ( 29.71)            413998452 ( 93.42)            429384671 ( 86.75)
Heap/LOCK                                   9985 (  1.61)               539190 (  1.04)                    0 (  0.00)               539190 (  0.11)
Heap/INSERT+INIT                            1670 (  0.27)               198980 (  0.38)                    0 (  0.00)               198980 (  0.04)
Heap/UPDATE+INIT                             147 (  0.02)                23444 (  0.05)                    0 (  0.00)                23444 (  0.00)
Btree/INSERT_LEAF                         141850 ( 22.91)             10390873 ( 20.06)             22380036 (  5.05)             32770909 (  6.62)
Btree/INSERT_UPPER                           814 (  0.13)                63188 (  0.12)               475352 (  0.11)               538540 (  0.11)
Btree/SPLIT_L                                253 (  0.04)               897078 (  1.73)              1770240 (  0.40)              2667318 (  0.54)
Btree/SPLIT_R                                561 (  0.09)              1039222 (  2.01)              1711232 (  0.39)              2750454 (  0.56)
Btree/DELETE                                 325 (  0.05)                29112 (  0.06)                    0 (  0.00)                29112 (  0.01)
                                        --------                      --------                      --------                      --------
Total                                     619161                      51787973 [10.46%]            443166560 [89.54%]            494954533 [100%]
