Type                                           N      (%)          Record size      (%)             FPI size      (%)        Combined size      (%)
----                                           -      ---          -----------      ---             --------      ---        -------------      ---
Transaction/COMMIT                         18388 (  3.06)               625192 (  1.24)                    0 (  0.00)               625192 (  0.07)
Transaction/ABORT                           3653 (  0.61)               124202 (  0.25)                    0 (  0.00)               124202 (  0.01)
Standby/RUNNING_XACTS                          1 (  0.00)                  178 (  0.00)                    0 (  0.00)                  178 (  0.00)
Heap2/CLEAN                                71115 ( 11.82)              4414770 (  8.78)                    0 (  0.00)              4414770 (  0.52)
Heap/INSERT                               117207 ( 19.48)             13687783 ( 27.22)                20388 (  0.00)             13708171 (  1.61)
Heap/DELETE                                 7930 (  1.32)               430960 (  0.86)              4031088 (  0.50)              4462048 (  0.52)
Heap/UPDATE                                22066 (  3.67)              2757301 (  5.48)              5023032 (  0.63)              7780333 (  0.92)
Heap/HOT_UPDATE                           194878 ( 32.39)             14266842 ( 28.37)            698827488 ( 87.39)            713094330 ( 83.89)
Heap/LOCK                                  14358 (  2.39)               775332 (  1.54)                    0 (  0.00)               775332 (  0.09)
Heap/INSERT+INIT                            1716 (  0.29)               204945 (  0.41)                    0 (  0.00)               204945 (  0.02)
Heap/UPDATE+INIT                             223 (  0.04)                34309 (  0.07)                    0 (  0.00)                34309 (  0.00)
Btree/INSERT_LEAF                         148331 ( 24.65)             10588167 ( 21.06)             85272928 ( 10.66)             95861095 ( 11.28)
Btree/INSERT_UPPER                           865 (  0.14)                61241 (  0.12)              2095740 (  0.26)              2156981 (  0.25)
Btree/SPLIT_L                                456 (  0.08)              1605564 (  3.19)              3215936 (  0.40)              4821500 (  0.57)
Btree/SPLIT_R                                409 (  0.07)               695151 (  1.38)              1217040 (  0.15)              1912191 (  0.22)
Btree/DELETE                                 121 (  0.02)                 8913 (  0.02)                    0 (  0.00)                 8913 (  0.00)
                                        --------                      --------                      --------                      --------
Total                                     601717                      50280850 [5.92%]             799703640 [94.08%]            849984490 [100%]
