Type                                           N      (%)          Record size      (%)             FPI size      (%)        Combined size      (%)
----                                           -      ---          -----------      ---             --------      ---        -------------      ---
Transaction/COMMIT                         18389 (  3.11)               625226 (  1.23)                    0 (  0.00)               625226 (  0.06)
Transaction/ABORT                           3584 (  0.61)               121856 (  0.24)                    0 (  0.00)               121856 (  0.01)
Heap2/CLEAN                                54153 (  9.17)              3405890 (  6.72)                    0 (  0.00)              3405890 (  0.35)
Heap/INSERT                               118689 ( 20.10)             13861195 ( 27.36)                21064 (  0.00)             13882259 (  1.44)
Heap/DELETE                                 7900 (  1.34)               431840 (  0.85)              7709088 (  0.84)              8140928 (  0.84)
Heap/UPDATE                                23023 (  3.90)              2901690 (  5.73)              9174020 (  1.00)             12075710 (  1.25)
Heap/HOT_UPDATE                           194698 ( 32.98)             14109821 ( 27.86)            760126960 ( 83.04)            774236781 ( 80.15)
Heap/LOCK                                  15397 (  2.61)               831438 (  1.64)                    0 (  0.00)               831438 (  0.09)
Heap/INSERT+INIT                            1755 (  0.30)               208943 (  0.41)                    0 (  0.00)               208943 (  0.02)
Heap/UPDATE+INIT                             275 (  0.05)                42541 (  0.08)                    0 (  0.00)                42541 (  0.00)
Btree/INSERT_LEAF                         150057 ( 25.42)             10550467 ( 20.83)            126809024 ( 13.85)            137359491 ( 14.22)
Btree/INSERT_UPPER                          1123 (  0.19)                74594 (  0.15)              4105300 (  0.45)              4179894 (  0.43)
Btree/SPLIT_L                                834 (  0.14)              2989492 (  5.90)              6136832 (  0.67)              9126324 (  0.94)
Btree/SPLIT_R                                289 (  0.05)               483627 (  0.95)              1246544 (  0.14)              1730171 (  0.18)
Btree/DELETE                                 193 (  0.03)                15286 (  0.03)                    0 (  0.00)                15286 (  0.00)
                                        --------                      --------                      --------                      --------
Total                                     590359                      50653906 [5.24%]             915328832 [94.76%]            965982738 [100%]
