Type                                           N      (%)          Record size      (%)             FPI size      (%)        Combined size      (%)
----                                           -      ---          -----------      ---             --------      ---        -------------      ---
Transaction/COMMIT                         18438 (  3.03)               848148 (  1.67)                    0 (  0.00)               848148 (  0.13)
CLOG/ZEROPAGE                                  1 (  0.00)                   30 (  0.00)                    0 (  0.00)                   30 (  0.00)
Standby/RUNNING_XACTS                          2 (  0.00)                  140 (  0.00)                    0 (  0.00)                  140 (  0.00)
Heap2/CLEAN                               103651 ( 17.03)              6307166 ( 12.41)                    0 (  0.00)              6307166 (  0.95)
Heap/INSERT                               114896 ( 18.87)             13419927 ( 26.41)                 6756 (  0.00)             13426683 (  2.01)
Heap/DELETE                                 8110 (  1.33)               439200 (  0.86)              1853712 (  0.30)              2292912 (  0.34)
Heap/UPDATE                                13682 (  2.25)              1493476 (  2.94)              2649840 (  0.43)              4143316 (  0.62)
Heap/HOT_UPDATE                           202663 ( 33.29)             15237640 ( 29.99)            563617956 ( 91.55)            578855596 ( 86.86)
Heap/LOCK                                   5663 (  0.93)               305802 (  0.60)                    0 (  0.00)               305802 (  0.05)
Heap/INSERT+INIT                            1637 (  0.27)               195480 (  0.38)                    0 (  0.00)               195480 (  0.03)
Heap/UPDATE+INIT                              91 (  0.01)                14137 (  0.03)                    0 (  0.00)                14137 (  0.00)
Btree/INSERT_LEAF                         137859 ( 22.64)             10020232 ( 19.72)             42026740 (  6.83)             52046972 (  7.81)
Btree/INSERT_UPPER                           932 (  0.15)                70900 (  0.14)               939088 (  0.15)              1009988 (  0.15)
Btree/SPLIT_L                                368 (  0.06)              1303734 (  2.57)              2581600 (  0.42)              3885334 (  0.58)
Btree/SPLIT_R                                564 (  0.09)              1137077 (  2.24)              1954640 (  0.32)              3091717 (  0.46)
Btree/DELETE                                 233 (  0.04)                22900 (  0.05)                    0 (  0.00)                22900 (  0.00)
                                        --------                      --------                      --------                      --------
Total                                     608790                      50815989 [7.62%]             615630332 [92.38%]            666446321 [100%]
