Type                                           N      (%)          Record size      (%)             FPI size      (%)        Combined size      (%)
----                                           -      ---          -----------      ---             --------      ---        -------------      ---
Transaction/COMMIT                         18389 (  3.21)               845894 (  1.71)                    0 (  0.00)               845894 (  0.09)
CLOG/ZEROPAGE                                  1 (  0.00)                   30 (  0.00)                    0 (  0.00)                   30 (  0.00)
Heap2/CLEAN                                55164 (  9.62)              3464880 (  7.02)                    0 (  0.00)              3464880 (  0.36)
Heap/INSERT                               115617 ( 20.17)             13504705 ( 27.35)                21064 (  0.00)             13525769 (  1.40)
Heap/DELETE                                 7890 (  1.38)               431300 (  0.87)              7709088 (  0.84)              8140388 (  0.84)
Heap/UPDATE                                21415 (  3.74)              2633623 (  5.33)              9171284 (  1.00)             11804907 (  1.22)
Heap/HOT_UPDATE                           190774 ( 33.28)             13725680 ( 27.80)            760127952 ( 83.07)            773853632 ( 80.24)
Heap/LOCK                                  13726 (  2.39)               741204 (  1.50)                    0 (  0.00)               741204 (  0.08)
Heap/INSERT+INIT                            1685 (  0.29)               201604 (  0.41)                    0 (  0.00)               201604 (  0.02)
Heap/UPDATE+INIT                             201 (  0.04)                30053 (  0.06)                    0 (  0.00)                30053 (  0.00)
Btree/INSERT_LEAF                         146212 ( 25.50)             10283884 ( 20.83)            126549292 ( 13.83)            136833176 ( 14.19)
Btree/INSERT_UPPER                          1114 (  0.19)                73933 (  0.15)              4105172 (  0.45)              4179105 (  0.43)
Btree/SPLIT_L                                827 (  0.14)              2966812 (  6.01)              6092576 (  0.67)              9059388 (  0.94)
Btree/SPLIT_R                                287 (  0.05)               477245 (  0.97)              1231792 (  0.13)              1709037 (  0.18)
                                        --------                      --------                      --------                      --------
Total                                     573302                      49380847 [5.12%]             915008220 [94.88%]            964389067 [100%]
