Type                                           N      (%)          Record size      (%)             FPI size      (%)        Combined size      (%)
----                                           -      ---          -----------      ---             --------      ---        -------------      ---
Transaction/COMMIT                         18389 (  3.18)               845894 (  1.71)                    0 (  0.00)               845894 (  0.09)
CLOG/ZEROPAGE                                  1 (  0.00)                   30 (  0.00)                    0 (  0.00)                   30 (  0.00)
Standby/RUNNING_XACTS                          2 (  0.00)                  132 (  0.00)                    0 (  0.00)                  132 (  0.00)
Heap2/CLEAN                                60483 ( 10.47)              3763938 (  7.59)                    0 (  0.00)              3763938 (  0.39)
Heap/INSERT                               115678 ( 20.03)             13511586 ( 27.26)                21064 (  0.00)             13532650 (  1.40)
Heap/DELETE                                 7890 (  1.37)               431300 (  0.87)              7709088 (  0.84)              8140388 (  0.84)
Heap/UPDATE                                20901 (  3.62)              2556517 (  5.16)              9169420 (  1.00)             11725937 (  1.22)
Heap/HOT_UPDATE                           191290 ( 33.12)             13767320 ( 27.78)            760129824 ( 83.08)            773897144 ( 80.23)
Heap/LOCK                                  13210 (  2.29)               713340 (  1.44)                    0 (  0.00)               713340 (  0.07)
Heap/INSERT+INIT                            1624 (  0.28)               194723 (  0.39)                    0 (  0.00)               194723 (  0.02)
Heap/UPDATE+INIT                             199 (  0.03)                29452 (  0.06)                    0 (  0.00)                29452 (  0.00)
Btree/INSERT_LEAF                         145700 ( 25.23)             10247649 ( 20.67)            126556696 ( 13.83)            136804345 ( 14.18)
Btree/INSERT_UPPER                          1110 (  0.19)                73605 (  0.15)              4105148 (  0.45)              4178753 (  0.43)
Btree/SPLIT_L                                826 (  0.14)              2969441 (  5.99)              6085200 (  0.67)              9054641 (  0.94)
Btree/SPLIT_R                                284 (  0.05)               460831 (  0.93)              1202288 (  0.13)              1663119 (  0.17)
                                        --------                      --------                      --------                      --------
Total                                     577587                      49565758 [5.14%]             914978728 [94.86%]            964544486 [100%]
