Type                                           N      (%)          Record size      (%)             FPI size      (%)        Combined size      (%)
----                                           -      ---          -----------      ---             --------      ---        -------------      ---
Transaction/COMMIT                         18389 (  1.28)               845894 (  0.66)                    0 (  0.00)               845894 (  0.05)
CLOG/ZEROPAGE                                  1 (  0.00)                   30 (  0.00)                    0 (  0.00)                   30 (  0.00)
Heap2/CLEAN                               233967 ( 16.33)             15814716 ( 12.38)                    0 (  0.00)             15814716 (  0.85)
Heap/INSERT                               115606 (  8.07)             13503770 ( 10.57)                21064 (  0.00)             13524834 (  0.72)
Heap/DELETE                                 7890 (  0.55)               431300 (  0.34)              7709088 (  0.44)              8140388 (  0.44)
Heap/UPDATE                                23751 (  1.66)              2932633 (  2.30)              9183676 (  0.53)             12116309 (  0.65)
Heap/HOT_UPDATE                           722140 ( 50.39)             70349404 ( 55.06)            795464792 ( 45.70)            865814196 ( 46.34)
Heap/LOCK                                  16147 (  1.13)               871938 (  0.68)                    0 (  0.00)               871938 (  0.05)
Heap/INSERT+INIT                            1696 (  0.12)               202539 (  0.16)                    0 (  0.00)               202539 (  0.01)
Heap/UPDATE+INIT                             286 (  0.02)                41431 (  0.03)                    0 (  0.00)                41431 (  0.00)
Btree/INSERT_LEAF                         290899 ( 20.30)             19098327 ( 14.95)            916649720 ( 52.66)            935748047 ( 50.08)
Btree/INSERT_UPPER                          1156 (  0.08)                77032 (  0.06)              4132984 (  0.24)              4210016 (  0.23)
Btree/SPLIT_L                                841 (  0.06)              3019870 (  2.36)              6136836 (  0.35)              9156706 (  0.49)
Btree/SPLIT_R                                315 (  0.02)               575642 (  0.45)              1357916 (  0.08)              1933558 (  0.10)
Btree/DELETE                                   5 (  0.00)                  344 (  0.00)                    0 (  0.00)                  344 (  0.00)
                                        --------                      --------                      --------                      --------
Total                                    1433089                     127764870 [6.84%]            1740656076 [93.16%]           1868420946 [100%]
