Type                                           N      (%)          Record size      (%)             FPI size      (%)        Combined size      (%)
----                                           -      ---          -----------      ---             --------      ---        -------------      ---
Transaction/COMMIT                         18438 (  1.33)               848148 (  0.68)                    0 (  0.00)               848148 (  0.08)
CLOG/ZEROPAGE                                  1 (  0.00)                   30 (  0.00)                    0 (  0.00)                   30 (  0.00)
Standby/RUNNING_XACTS                          1 (  0.00)                   82 (  0.00)                    0 (  0.00)                   82 (  0.00)
Heap2/CLEAN                               223699 ( 16.18)             15451614 ( 12.34)                    0 (  0.00)             15451614 (  1.39)
Heap/INSERT                               114898 (  8.31)             13420389 ( 10.71)                 6756 (  0.00)             13427145 (  1.21)
Heap/DELETE                                 8110 (  0.59)               439200 (  0.35)              1853712 (  0.19)              2292912 (  0.21)
Heap/UPDATE                                15702 (  1.14)              1745820 (  1.39)              2654972 (  0.27)              4400792 (  0.40)
Heap/HOT_UPDATE                           716719 ( 51.85)             70099000 ( 55.97)            569583908 ( 57.96)            639682908 ( 57.74)
Heap/LOCK                                   7755 (  0.56)               418770 (  0.33)                    0 (  0.00)               418770 (  0.04)
Heap/INSERT+INIT                            1635 (  0.12)               195018 (  0.16)                    0 (  0.00)               195018 (  0.02)
Heap/UPDATE+INIT                             163 (  0.01)                23110 (  0.02)                    0 (  0.00)                23110 (  0.00)
Btree/INSERT_LEAF                         272867 ( 19.74)             19908323 ( 15.89)            402998200 ( 41.01)            422906523 ( 38.17)
Btree/INSERT_UPPER                           976 (  0.07)                74243 (  0.06)               944704 (  0.10)              1018947 (  0.09)
Btree/SPLIT_L                                384 (  0.03)              1364164 (  1.09)              2625828 (  0.27)              3989992 (  0.36)
Btree/SPLIT_R                                593 (  0.04)              1235943 (  0.99)              2043068 (  0.21)              3279011 (  0.30)
Btree/DELETE                                 262 (  0.02)                25550 (  0.02)                    0 (  0.00)                25550 (  0.00)
Btree/NEWROOT                                  1 (  0.00)                  126 (  0.00)                    0 (  0.00)                  126 (  0.00)
                                        --------                      --------                      --------                      --------
Total                                    1382204                     125249530 [11.30%]            982711148 [88.70%]           1107960678 [100%]
