Type                                           N      (%)          Record size      (%)             FPI size      (%)        Combined size      (%)
----                                           -      ---          -----------      ---             --------      ---        -------------      ---
Transaction/COMMIT                          1843 (  1.34)                84778 (  0.71)                    0 (  0.00)                84778 (  0.03)
Heap2/CLEAN                                15992 ( 11.61)              1072710 (  9.03)                    0 (  0.00)              1072710 (  0.40)
Heap/INSERT                                11513 (  8.36)              1345059 ( 11.32)                21064 (  0.01)              1366123 (  0.50)
Heap/DELETE                                  760 (  0.55)                43560 (  0.37)              3707424 (  1.43)              3750984 (  1.39)
Heap/UPDATE                                 2838 (  2.06)               357285 (  3.01)              3898740 (  1.51)              4256025 (  1.57)
Heap/HOT_UPDATE                            72113 ( 52.37)              6834209 ( 57.54)            115516896 ( 44.66)            122351105 ( 45.22)
Heap/LOCK                                   2134 (  1.55)               115236 (  0.97)                    0 (  0.00)               115236 (  0.04)
Heap/INSERT+INIT                             221 (  0.16)                25247 (  0.21)                    0 (  0.00)                25247 (  0.01)
Heap/UPDATE+INIT                              56 (  0.04)                 8284 (  0.07)                    0 (  0.00)                 8284 (  0.00)
Btree/INSERT_LEAF                          30127 ( 21.88)              1830020 ( 15.41)            134929324 ( 52.16)            136759344 ( 50.55)
Btree/INSERT_UPPER                            47 (  0.03)                 2889 (  0.02)               256916 (  0.10)               259805 (  0.10)
Btree/SPLIT_L                                 37 (  0.03)               135847 (  1.14)               272912 (  0.11)               408759 (  0.15)
Btree/SPLIT_R                                 10 (  0.01)                22388 (  0.19)                59764 (  0.02)                82152 (  0.03)
                                        --------                      --------                      --------                      --------
Total                                     137691                      11877512 [4.39%]             258663040 [95.61%]            270540552 [100%]
