Type                                           N      (%)          Record size      (%)             FPI size      (%)        Combined size      (%)
----                                           -      ---          -----------      ---             --------      ---        -------------      ---
Transaction/COMMIT                         18412 (  1.34)               846952 (  0.67)                    0 (  0.00)               846952 (  0.11)
CLOG/ZEROPAGE                                  1 (  0.00)                   30 (  0.00)                    0 (  0.00)                   30 (  0.00)
Standby/RUNNING_XACTS                          2 (  0.00)                  156 (  0.00)                    0 (  0.00)                  156 (  0.00)
Heap2/CLEAN                               207409 ( 15.06)             14492312 ( 11.47)                    0 (  0.00)             14492312 (  1.87)
Heap/INSERT                               114686 (  8.33)             13396096 ( 10.60)                11640 (  0.00)             13407736 (  1.73)
Heap/DELETE                                 8040 (  0.58)               434805 (  0.34)               948924 (  0.15)              1383729 (  0.18)
Heap/UPDATE                                19462 (  1.41)              2324670 (  1.84)              1873976 (  0.29)              4198646 (  0.54)
Heap/HOT_UPDATE                           713428 ( 51.80)             70290086 ( 55.61)            416968320 ( 64.36)            487258406 ( 62.93)
Heap/LOCK                                  11748 (  0.85)               634392 (  0.50)                    0 (  0.00)               634392 (  0.08)
Heap/INSERT+INIT                            1651 (  0.12)               196998 (  0.16)                    0 (  0.00)               196998 (  0.03)
Heap/UPDATE+INIT                             230 (  0.02)                34015 (  0.03)                    0 (  0.00)                34015 (  0.00)
Btree/INSERT_LEAF                         279955 ( 20.33)             21287831 ( 16.84)            223988464 ( 34.58)            245276295 ( 31.68)
Btree/INSERT_UPPER                           930 (  0.07)                72282 (  0.06)               493904 (  0.08)               566186 (  0.07)
Btree/SPLIT_L                                312 (  0.02)              1113606 (  0.88)              1814464 (  0.28)              2928070 (  0.38)
Btree/SPLIT_R                                618 (  0.04)              1247467 (  0.99)              1733352 (  0.27)              2980819 (  0.39)
Btree/DELETE                                 354 (  0.03)                31666 (  0.03)                    0 (  0.00)                31666 (  0.00)
                                        --------                      --------                      --------                      --------
Total                                    1377238                     126403364 [16.33%]            647833044 [83.67%]            774236408 [100%]
