Type                                           N      (%)          Record size      (%)             FPI size      (%)        Combined size      (%)
----                                           -      ---          -----------      ---             --------      ---        -------------      ---
Transaction/COMMIT                         18389 (  1.28)               845894 (  0.66)                    0 (  0.00)               845894 (  0.05)
CLOG/ZEROPAGE                                  1 (  0.00)                   30 (  0.00)                    0 (  0.00)                   30 (  0.00)
Standby/RUNNING_XACTS                          1 (  0.00)                   50 (  0.00)                    0 (  0.00)                   50 (  0.00)
Heap2/CLEAN                               241184 ( 16.76)             16229350 ( 12.68)                    0 (  0.00)             16229350 (  0.87)
Heap/INSERT                               115647 (  8.04)             13508545 ( 10.55)                21064 (  0.00)             13529609 (  0.72)
Heap/DELETE                                 7890 (  0.55)               431300 (  0.34)              7709088 (  0.44)              8140388 (  0.44)
Heap/UPDATE                                23331 (  1.62)              2876178 (  2.25)              9181084 (  0.53)             12057262 (  0.65)
Heap/HOT_UPDATE                           722565 ( 50.22)             70390799 ( 54.98)            795464792 ( 45.72)            865855591 ( 46.35)
Heap/LOCK                                  15722 (  1.09)               848988 (  0.66)                    0 (  0.00)               848988 (  0.05)
Heap/INSERT+INIT                            1655 (  0.12)               197764 (  0.15)                    0 (  0.00)               197764 (  0.01)
Heap/UPDATE+INIT                             281 (  0.02)                40460 (  0.03)                    0 (  0.00)                40460 (  0.00)
Btree/INSERT_LEAF                         289986 ( 20.15)             19034201 ( 14.87)            915952508 ( 52.64)            934986709 ( 50.06)
Btree/INSERT_UPPER                          1141 (  0.08)                75899 (  0.06)              4132816 (  0.24)              4208715 (  0.23)
Btree/SPLIT_L                                835 (  0.06)              2999771 (  2.34)              6114704 (  0.35)              9114475 (  0.49)
Btree/SPLIT_R                                306 (  0.02)               542622 (  0.42)              1312908 (  0.08)              1855530 (  0.10)
Btree/DELETE                                   6 (  0.00)                  408 (  0.00)                    0 (  0.00)                  408 (  0.00)
                                        --------                      --------                      --------                      --------
Total                                    1438940                     128022259 [6.85%]            1739888964 [93.15%]           1867911223 [100%]
