Type                                           N      (%)          Record size      (%)             FPI size      (%)        Combined size      (%)
----                                           -      ---          -----------      ---             --------      ---        -------------      ---
Transaction/COMMIT                         18438 (  3.03)               848148 (  1.67)                    0 (  0.00)               848148 (  0.13)
CLOG/ZEROPAGE                                  1 (  0.00)                   30 (  0.00)                    0 (  0.00)                   30 (  0.00)
Standby/RUNNING_XACTS                          2 (  0.00)                  180 (  0.00)                    0 (  0.00)                  180 (  0.00)
Heap2/CLEAN                               103131 ( 16.95)              6276562 ( 12.36)                    0 (  0.00)              6276562 (  0.94)
Heap/INSERT                               114881 ( 18.89)             13418755 ( 26.43)                 6756 (  0.00)             13425511 (  2.01)
Heap/DELETE                                 8110 (  1.33)               439200 (  0.86)              1853712 (  0.30)              2292912 (  0.34)
Heap/UPDATE                                13687 (  2.25)              1493649 (  2.94)              2649816 (  0.43)              4143465 (  0.62)
Heap/HOT_UPDATE                           202665 ( 33.32)             15237860 ( 30.01)            563617972 ( 91.55)            578855832 ( 86.86)
Heap/LOCK                                   5661 (  0.93)               305694 (  0.60)                    0 (  0.00)               305694 (  0.05)
Heap/INSERT+INIT                            1652 (  0.27)               196652 (  0.39)                    0 (  0.00)               196652 (  0.03)
Heap/UPDATE+INIT                              84 (  0.01)                12596 (  0.02)                    0 (  0.00)                12596 (  0.00)
Btree/INSERT_LEAF                         137855 ( 22.66)             10019972 ( 19.73)             41997048 (  6.82)             52017020 (  7.81)
Btree/INSERT_UPPER                           932 (  0.15)                70900 (  0.14)               939064 (  0.15)              1009964 (  0.15)
Btree/SPLIT_L                                368 (  0.06)              1307651 (  2.58)              2588976 (  0.42)              3896627 (  0.58)
Btree/SPLIT_R                                564 (  0.09)              1128637 (  2.22)              1954640 (  0.32)              3083277 (  0.46)
Btree/DELETE                                 233 (  0.04)                22902 (  0.05)                    0 (  0.00)                22902 (  0.00)
                                        --------                      --------                      --------                      --------
Total                                     608264                      50779388 [7.62%]             615607984 [92.38%]            666387372 [100%]
