Type                                           N      (%)          Record size      (%)             FPI size      (%)        Combined size      (%)
----                                           -      ---          -----------      ---             --------      ---        -------------      ---
Transaction/COMMIT                         18389 (  3.19)               625226 (  1.27)                    0 (  0.00)               625226 (  0.06)
Transaction/ABORT                            596 (  0.10)                20264 (  0.04)                    0 (  0.00)                20264 (  0.00)
Standby/RUNNING_XACTS                          1 (  0.00)                   66 (  0.00)                    0 (  0.00)                   66 (  0.00)
Heap2/CLEAN                                57524 (  9.99)              3601292 (  7.30)                    0 (  0.00)              3601292 (  0.37)
Heap/INSERT                               115735 ( 20.09)             13518711 ( 27.41)                21064 (  0.00)             13539775 (  1.40)
Heap/DELETE                                 7890 (  1.37)               431300 (  0.87)              7709088 (  0.84)              8140388 (  0.84)
Heap/UPDATE                                21151 (  3.67)              2597070 (  5.27)              9173996 (  1.00)             11771066 (  1.22)
Heap/HOT_UPDATE                           191208 ( 33.19)             13760887 ( 27.90)            760128192 ( 83.06)            773889079 ( 80.24)
Heap/LOCK                                  13491 (  2.34)               728514 (  1.48)                    0 (  0.00)               728514 (  0.08)
Heap/INSERT+INIT                            1623 (  0.28)               193922 (  0.39)                    0 (  0.00)               193922 (  0.02)
Heap/UPDATE+INIT                             230 (  0.04)                34144 (  0.07)                    0 (  0.00)                34144 (  0.00)
Btree/INSERT_LEAF                         145997 ( 25.34)             10268256 ( 20.82)            126638332 ( 13.84)            136906588 ( 14.20)
Btree/INSERT_UPPER                          1118 (  0.19)                74277 (  0.15)              4105108 (  0.45)              4179385 (  0.43)
Btree/SPLIT_L                                829 (  0.14)              2983722 (  6.05)              6107328 (  0.67)              9091050 (  0.94)
Btree/SPLIT_R                                289 (  0.05)               481809 (  0.98)              1231792 (  0.13)              1713601 (  0.18)
Btree/DELETE                                   2 (  0.00)                  122 (  0.00)                    0 (  0.00)                  122 (  0.00)
                                        --------                      --------                      --------                      --------
Total                                     576073                      49319582 [5.11%]             915114900 [94.89%]            964434482 [100%]
