Type                                           N      (%)          Record size      (%)             FPI size      (%)        Combined size      (%)
----                                           -      ---          -----------      ---             --------      ---        -------------      ---
Transaction/COMMIT                         18412 (  2.66)               626008 (  1.10)                    0 (  0.00)               626008 (  0.13)
Transaction/ABORT                          21831 (  3.16)               742254 (  1.30)                    0 (  0.00)               742254 (  0.15)
CLOG/ZEROPAGE                                  1 (  0.00)                   30 (  0.00)                    0 (  0.00)                   30 (  0.00)
Heap2/CLEAN                               105238 ( 15.22)              6386110 ( 11.18)                    0 (  0.00)              6386110 (  1.28)
Heap/INSERT                               128254 ( 18.55)             14978642 ( 26.22)                11640 (  0.00)             14990282 (  3.00)
Heap/DELETE                                 8075 (  1.17)               436695 (  0.76)               948924 (  0.21)              1385619 (  0.28)
Heap/UPDATE                                21017 (  3.04)              2627423 (  4.60)              1876364 (  0.42)              4503787 (  0.90)
Heap/HOT_UPDATE                           211045 ( 30.52)             16440620 ( 28.78)            413989212 ( 93.40)            430429832 ( 86.03)
Heap/LOCK                                  13246 (  1.92)               715284 (  1.25)                    0 (  0.00)               715284 (  0.14)
Heap/INSERT+INIT                            1858 (  0.27)               221458 (  0.39)                    0 (  0.00)               221458 (  0.04)
Heap/UPDATE+INIT                             208 (  0.03)                33932 (  0.06)                    0 (  0.00)                33932 (  0.01)
Btree/INSERT_LEAF                         159311 ( 23.04)             11652146 ( 20.40)             22173268 (  5.00)             33825414 (  6.76)
Btree/INSERT_UPPER                           853 (  0.12)                66242 (  0.12)               509928 (  0.12)               576170 (  0.12)
Btree/SPLIT_L                                261 (  0.04)               938721 (  1.64)              1821872 (  0.41)              2760593 (  0.55)
Btree/SPLIT_R                                592 (  0.09)              1151026 (  2.02)              1903008 (  0.43)              3054034 (  0.61)
Btree/DELETE                                1188 (  0.17)               102935 (  0.18)                    0 (  0.00)               102935 (  0.02)
                                        --------                      --------                      --------                      --------
Total                                     691390                      57119526 [11.42%]            443234216 [88.58%]            500353742 [100%]
