Type                                           N      (%)          Record size      (%)             FPI size      (%)        Combined size      (%)
----                                           -      ---          -----------      ---             --------      ---        -------------      ---
Transaction/COMMIT                         18389 (  1.28)               845894 (  0.66)                    0 (  0.00)               845894 (  0.05)
CLOG/ZEROPAGE                                  1 (  0.00)                   30 (  0.00)                    0 (  0.00)                   30 (  0.00)
Standby/RUNNING_XACTS                          2 (  0.00)                  328 (  0.00)                    0 (  0.00)                  328 (  0.00)
Heap2/CLEAN                               233959 ( 16.32)             15817592 ( 12.38)                    0 (  0.00)             15817592 (  0.85)
Heap/INSERT                               115603 (  8.07)             13503119 ( 10.57)                21064 (  0.00)             13524183 (  0.72)
Heap/DELETE                                 7890 (  0.55)               431300 (  0.34)              7709088 (  0.44)              8140388 (  0.44)
Heap/UPDATE                                23816 (  1.66)              2942262 (  2.30)              9183676 (  0.53)             12125938 (  0.65)
Heap/HOT_UPDATE                           722100 ( 50.38)             70346257 ( 55.05)            795464792 ( 45.69)            865811049 ( 46.33)
Heap/LOCK                                  16187 (  1.13)               874098 (  0.68)                    0 (  0.00)               874098 (  0.05)
Heap/INSERT+INIT                            1699 (  0.12)               203190 (  0.16)                    0 (  0.00)               203190 (  0.01)
Heap/UPDATE+INIT                             261 (  0.02)                37410 (  0.03)                    0 (  0.00)                37410 (  0.00)
Btree/INSERT_LEAF                         290975 ( 20.30)             19103709 ( 14.95)            916812596 ( 52.67)            935916305 ( 50.09)
Btree/INSERT_UPPER                          1158 (  0.08)                77216 (  0.06)              4132976 (  0.24)              4210192 (  0.23)
Btree/SPLIT_L                                837 (  0.06)              3014941 (  2.36)              6099956 (  0.35)              9114897 (  0.49)
Btree/SPLIT_R                                321 (  0.02)               597105 (  0.47)              1409548 (  0.08)              2006653 (  0.11)
Btree/DELETE                                   7 (  0.00)                  502 (  0.00)                    0 (  0.00)                  502 (  0.00)
                                        --------                      --------                      --------                      --------
Total                                    1433205                     127794953 [6.84%]            1740833696 [93.16%]           1868628649 [100%]
